0.00,0.00,0.00,0.00,0.00,0.00,0.00,0.00,0.00,0.00,0.00,0.00,0.00,0.00,0.51,-0.38,0.00,0.00,0.00,3079.00,2047.00,3088.00,3078.00,3079.00,2047.00,3088.00,3078.00,0.00,0.00,0.00,131.00
0.00,0.00,0.00,0.00,0.00,0.00,0.00,0.00,0.00,0.00,0.00,0.00,0.00,0.00,0.45,-0.24,0.00,0.00,0.00,3076.00,2050.00,3081.00,3078.00,3076.00,2050.00,3081.00,3078.00,0.00,0.00,0.00,184.00
0.00,0.00,0.00,0.00,0.00,0.00,0.00,0.00,0.00,0.00,0.00,0.00,0.00,0.00,0.41,-0.13,0.00,0.00,0.00,3071.00,2046.00,3074.00,3083.00,3071.00,2046.00,3074.00,3083.00,0.00,0.00,0.00,237.00
0.00,0.00,0.00,0.00,0.00,0.00,0.00,0.00,0.00,0.00,0.00,0.00,0.00,0.00,0.99,-0.00,0.00,0.00,0.00,2347.00,3034.00,3077.00,3002.00,2347.00,3034.00,3077.00,3002.00,0.00,0.00,0.00,811.00
0.00,0.00,0.00,0.00,0.00,0.00,0.00,0.00,0.00,0.00,0.00,0.00,0.00,0.00,0.99,-0.00,0.00,0.00,0.00,2336.00,3027.00,3071.00,3013.00,2336.00,3027.00,3071.00,3013.00,0.00,0.00,0.00,863.00
0.00,0.00,0.00,0.00,0.00,0.00,0.00,0.00,0.00,0.00,0.00,0.00,0.00,0.00,1.00,-0.00,0.00,0.00,0.00,2348.00,3044.00,3060.00,3015.00,2348.00,3044.00,3060.00,3015.00,0.00,0.00,0.00,915.00
0.00,0.00,0.00,0.00,0.00,0.00,0.00,0.00,0.00,0.00,0.00,0.00,0.00,0.00,1.00,-0.00,0.00,0.00,0.00,2328.00,3027.00,3079.00,3016.00,2328.00,3027.00,3079.00,3016.00,0.00,0.00,0.00,967.00
0.00,0.00,0.00,0.00,0.00,0.00,0.00,0.00,0.00,0.00,0.00,0.00,0.00,0.00,1.00,-0.00,0.00,0.00,0.00,2336.00,3032.00,3069.00,3015.00,2336.00,3032.00,3069.00,3015.00,0.00,0.00,1.00,19.00
0.00,0.00,0.00,0.00,0.00,0.00,0.00,0.00,0.00,0.00,0.00,0.00,0.00,0.00,1.00,-0.00,0.00,0.00,0.00,2327.00,3033.00,3070.00,3014.00,2327.00,3033.00,3070.00,3014.00,0.00,0.00,1.00,73.00
0.00,0.00,0.00,0.00,0.00,0.00,0.00,0.00,0.00,0.00,0.00,0.00,0.00,0.00,1.00,-0.00,0.00,0.00,0.00,2319.00,3033.00,3069.00,3011.00,2319.00,3033.00,3069.00,3011.00,0.00,0.00,1.00,127.00
0.00,0.00,0.00,0.00,0.00,0.00,0.00,0.00,0.00,0.00,0.00,0.00,0.00,0.00,1.00,-0.00,0.00,0.00,0.00,2336.00,3041.00,3067.00,3014.00,2336.00,3041.00,3067.00,3014.00,0.00,0.00,1.00,181.00
0.00,0.00,0.00,0.00,0.00,0.00,0.00,0.00,0.00,0.00,0.00,0.00,0.00,0.00,1.00,-0.00,0.00,0.00,0.00,2342.00,3031.00,3073.00,3006.00,2342.00,3031.00,3073.00,3006.00,0.00,0.00,1.00,235.00
0.00,0.00,0.00,0.00,0.00,0.00,0.00,0.00,0.00,0.00,0.00,0.00,0.00,0.00,1.00,-0.00,0.00,0.00,0.00,2377.00,3144.00,3061.00,3025.00,2377.00,3144.00,3061.00,3025.00,0.00,0.00,1.00,289.00
0.00,0.00,0.00,0.00,0.00,0.00,0.00,0.00,0.00,0.00,0.00,0.00,0.00,0.00,1.00,-0.00,0.00,0.00,0.00,2329.00,3030.00,3070.00,3011.00,2330.00,3030.00,3070.00,3011.00,0.00,0.00,1.00,343.00
0.00,0.00,0.00,0.00,0.00,0.00,0.00,0.00,0.00,0.00,0.00,0.00,0.00,0.00,1.00,-0.00,0.00,0.00,0.00,2346.00,3037.00,3070.00,3003.00,2346.00,3037.00,3070.00,3003.00,0.00,0.00,1.00,397.00
0.00,0.00,0.00,0.00,0.00,0.00,0.00,0.00,0.00,0.00,0.00,0.00,0.00,0.00,1.00,-0.00,0.00,0.00,0.00,2337.00,3025.00,3070.00,3013.00,2337.00,3031.00,3070.00,3013.00,0.00,0.00,1.00,451.00
0.00,0.00,0.00,0.00,0.00,0.00,0.00,0.00,0.00,0.00,0.00,0.00,0.00,0.00,1.00,-0.00,0.00,0.00,0.00,2336.00,3034.00,3069.00,3013.00,2336.00,3034.00,3069.00,3013.00,0.00,0.00,1.00,505.00
0.00,0.00,0.00,0.00,0.00,0.00,0.00,0.00,0.00,0.00,0.00,0.00,0.00,0.00,1.00,-0.00,0.00,0.00,0.00,2337.00,3030.00,3071.00,3013.00,2337.00,3030.00,3071.00,3013.00,0.00,0.00,1.00,558.00
0.00,0.00,0.00,0.00,0.00,0.00,0.00,0.00,0.00,0.00,0.00,0.00,0.00,0.00,1.00,-0.00,0.00,0.00,0.00,2338.00,3037.00,3069.00,3012.00,2337.00,3037.00,3069.00,3012.00,0.00,0.00,1.00,611.00
0.00,0.00,0.00,0.00,0.00,0.00,0.00,0.00,0.00,0.00,0.00,0.00,0.00,0.00,1.00,-0.00,0.00,0.00,0.00,2327.00,3034.00,3063.00,3019.00,2327.00,3034.00,3063.00,3019.00,0.00,0.00,1.00,665.00
0.00,0.00,0.00,0.00,0.00,0.00,0.00,0.00,0.00,0.00,0.00,0.00,0.00,0.00,1.00,-0.00,0.00,0.00,0.00,2338.00,3062.00,3063.00,3021.00,2338.00,3062.00,3063.00,3021.00,0.00,0.00,1.00,720.00
0.00,0.00,0.00,0.00,0.00,0.00,0.00,0.00,0.00,0.00,0.00,0.00,0.00,0.00,1.00,-0.00,0.00,0.00,0.00,2332.00,3029.00,3070.00,3011.00,2332.00,3029.00,3070.00,3011.00,0.00,0.00,1.00,773.00
0.00,0.00,0.00,0.00,0.00,0.00,0.00,0.00,0.00,0.00,0.00,0.00,0.00,0.00,1.00,-0.00,0.00,0.00,0.00,2337.00,3100.00,3071.00,3014.00,2337.00,3100.00,3071.00,3014.00,0.00,0.00,1.00,825.00
0.00,0.00,0.00,0.00,0.00,0.00,0.00,0.00,0.00,0.00,0.00,0.00,0.00,0.00,1.00,-0.00,0.00,0.00,0.00,2335.00,3029.00,3065.00,3011.00,2335.00,3038.00,3068.00,3011.00,0.00,0.00,1.00,880.00
0.00,0.00,0.00,0.00,0.00,0.00,0.00,0.00,0.00,0.00,0.00,0.00,0.00,0.00,1.00,-0.00,0.00,0.00,0.00,2343.00,3028.00,3061.00,3024.00,2343.00,3028.00,3061.00,3024.00,0.00,0.00,1.00,932.00
0.00,0.00,0.00,0.00,0.00,0.00,0.00,0.00,0.00,0.00,0.00,0.00,0.00,0.00,1.00,-0.00,0.00,0.00,0.00,2337.00,3036.00,3071.00,3014.00,2337.00,3036.00,3071.00,3014.00,0.00,0.00,1.00,987.00
0.00,0.00,0.00,0.00,0.00,0.00,0.00,0.00,0.00,0.00,0.00,0.00,0.00,0.00,1.00,-0.00,0.00,0.00,0.00,2336.00,3033.00,3073.00,3015.00,2302.00,3033.00,3073.00,3011.00,0.00,0.00,2.00,38.00
0.00,0.00,0.00,0.00,0.00,0.00,0.00,0.00,0.00,0.00,0.00,0.00,0.00,0.00,1.00,-0.00,0.00,0.00,0.00,2336.00,3032.00,3064.00,3018.00,2336.00,3032.00,3064.00,3018.00,0.00,0.00,2.00,92.00
0.00,0.00,0.00,0.00,0.00,0.00,0.00,0.00,0.00,0.00,0.00,0.00,0.00,0.00,1.00,-0.00,0.00,0.00,0.00,2339.00,3023.00,3081.00,3013.00,2339.00,3037.00,3072.00,3013.00,0.00,0.00,2.00,145.00
0.00,0.00,0.00,0.00,0.00,0.00,0.00,0.00,0.00,0.00,0.00,0.00,0.00,0.00,1.00,-0.00,0.00,0.00,0.00,2336.00,3045.00,3073.00,3015.00,2336.00,3045.00,3073.00,3015.00,0.00,0.00,2.00,198.00
0.00,0.00,0.00,0.00,0.00,0.00,0.00,0.00,0.00,0.00,0.00,0.00,0.00,0.00,1.00,-0.00,0.00,0.00,0.00,2333.00,3043.00,3070.00,3015.00,2333.00,3043.00,3070.00,3015.00,0.00,0.00,2.00,251.00
0.00,0.00,0.00,0.00,0.00,0.00,0.00,0.00,0.00,0.00,0.00,0.00,0.00,0.00,1.00,-0.00,0.00,0.00,0.00,2345.00,3032.00,3069.00,3004.00,2345.00,3032.00,3069.00,3004.00,0.00,0.00,2.00,304.00
0.00,0.00,0.00,0.00,0.00,0.00,0.00,0.00,0.00,0.00,0.00,0.00,0.00,0.00,1.00,-0.00,0.00,0.00,0.00,2337.00,3037.00,3072.00,3012.00,2337.00,3037.00,3072.00,3012.00,0.00,0.00,2.00,679.00
0.00,0.00,0.00,0.00,0.00,0.00,0.00,0.00,0.00,0.00,0.00,0.00,0.00,0.00,1.00,-0.00,0.00,0.00,0.00,2340.00,3040.00,3071.00,3013.00,2340.00,3040.00,3071.00,3013.00,0.00,0.00,2.00,731.00
0.00,0.00,0.00,0.00,0.00,0.00,0.00,0.00,0.00,0.00,0.00,0.00,0.00,0.00,1.00,-0.00,0.00,0.00,0.00,2334.00,3033.00,3072.00,3013.00,2334.00,3033.00,3072.00,3013.00,0.00,0.00,2.00,785.00
0.00,0.00,0.00,0.00,0.00,0.00,0.00,0.00,0.00,0.00,0.00,0.00,0.00,0.00,1.00,-0.00,0.00,0.00,0.00,2337.00,3034.00,3069.00,3018.00,2333.00,3034.00,3069.00,3018.00,0.00,0.00,2.00,838.00
0.00,0.00,0.00,0.00,0.00,0.00,0.00,0.00,0.00,0.00,0.00,0.00,0.00,0.00,1.00,-0.00,0.00,0.00,0.00,2335.00,3034.00,3070.00,3015.00,2335.00,3034.00,3070.00,3015.00,0.00,0.00,2.00,890.00
0.00,0.00,0.00,0.00,0.00,0.00,0.00,0.00,0.00,0.00,0.00,0.00,0.00,0.00,1.00,-0.00,0.00,0.00,0.00,2335.00,3039.00,3071.00,3012.00,2335.00,3030.00,3065.00,3012.00,0.00,0.00,2.00,945.00
0.00,0.00,0.00,0.00,0.00,0.00,0.00,0.00,0.00,0.00,0.00,0.00,0.00,0.00,1.00,-0.00,0.00,0.00,0.00,2336.00,3037.00,3072.00,3013.00,2336.00,3037.00,3072.00,3013.00,0.00,0.00,2.00,997.00
0.00,0.00,0.00,0.00,0.00,0.00,0.00,0.00,0.00,0.00,0.00,0.00,0.00,0.00,1.00,-0.00,0.00,0.00,0.00,2336.00,3034.00,3071.00,3013.00,2336.00,3034.00,3071.00,3013.00,0.00,0.00,3.00,51.00
0.00,0.00,0.00,0.00,0.00,0.00,0.00,0.00,0.00,0.00,0.00,0.00,0.00,0.00,1.00,-0.00,0.00,0.00,0.00,2338.00,3030.00,3076.00,3012.00,2337.00,3030.00,3071.00,3015.00,0.00,0.00,3.00,104.00
0.00,0.00,0.00,0.00,0.00,0.00,0.00,0.00,0.00,0.00,0.00,0.00,0.00,0.00,1.00,-0.00,0.00,0.00,0.00,2326.00,3032.00,3061.00,3024.00,2326.00,3032.00,3061.00,3024.00,0.00,0.00,3.00,156.00
0.00,0.00,0.00,0.00,0.00,0.00,0.00,0.00,0.00,0.00,0.00,0.00,0.00,0.00,1.00,-0.00,0.00,0.00,0.00,2330.00,3036.00,3072.00,3015.00,2330.00,3036.00,3072.00,3015.00,0.00,0.00,3.00,210.00
0.00,0.00,0.00,0.00,0.00,0.00,0.00,0.00,0.00,0.00,0.00,0.00,0.00,0.00,1.00,-0.00,0.00,0.00,0.00,2347.00,3031.00,3071.00,3000.00,2347.00,3031.00,3071.00,3000.00,0.00,0.00,3.00,264.00
0.00,0.00,0.00,0.00,0.00,0.00,0.00,0.00,0.00,0.00,0.00,0.00,0.00,0.00,1.00,-0.00,0.00,0.00,0.00,2344.00,3033.00,3063.00,3018.00,2344.00,3033.00,3063.00,3018.00,0.00,0.00,3.00,317.00
0.00,0.00,0.00,0.00,0.00,0.00,0.00,0.00,0.00,0.00,0.00,0.00,0.00,0.00,1.00,-0.00,0.00,0.00,0.00,2337.00,3034.00,3068.00,3020.00,2336.00,3034.00,3064.00,3020.00,0.00,0.00,3.00,370.00
0.00,0.00,0.00,0.00,0.00,0.00,0.00,0.00,0.00,0.00,0.00,0.00,0.00,0.00,1.00,-0.00,0.00,0.00,0.00,2345.00,3034.00,3077.00,3008.00,2345.00,3034.00,3077.00,3008.00,0.00,0.00,3.00,423.00
0.00,0.00,0.00,0.00,0.00,0.00,0.00,0.00,0.00,0.00,0.00,0.00,0.00,0.00,1.00,-0.00,0.00,0.00,0.00,2327.00,3022.00,3078.00,3014.00,2327.00,3022.00,3078.00,3014.00,0.00,0.00,3.00,475.00
0.00,0.00,0.00,0.00,0.00,0.00,0.00,0.00,0.00,0.00,0.00,0.00,0.00,0.00,1.00,-0.00,0.00,0.00,0.00,2337.00,3043.00,3068.00,3012.00,2337.00,3043.00,3068.00,3012.00,0.00,0.00,3.00,529.00
0.00,0.00,0.00,0.00,0.00,0.00,0.00,0.00,0.00,0.00,0.00,0.00,0.00,0.00,1.00,-0.00,0.00,0.00,0.00,2337.00,3022.00,3080.00,3014.00,2337.00,3022.00,3080.00,3014.00,0.00,0.00,3.00,584.00
0.00,0.00,0.00,0.00,0.00,0.00,0.00,0.00,0.00,0.00,0.00,0.00,0.00,0.00,1.00,-0.00,0.00,0.00,0.00,2337.00,3047.00,3072.00,3016.00,2337.00,3034.00,3072.00,3016.00,0.00,0.00,3.00,636.00
0.00,0.00,0.00,0.00,0.00,0.00,0.00,0.00,0.00,0.00,0.00,0.00,0.00,0.00,1.00,-0.00,0.00,0.00,0.00,2346.00,3031.00,3071.00,2999.00,2346.00,3031.00,3071.00,2999.00,0.00,0.00,3.00,691.00
0.00,0.00,0.00,0.00,0.00,0.00,0.00,0.00,0.00,0.00,0.00,0.00,0.00,0.00,1.00,-0.00,0.00,0.00,0.00,2333.00,3033.00,3074.00,3015.00,2333.00,3029.00,3074.00,3015.00,0.00,0.00,3.00,905.00
0.00,0.00,0.00,0.00,0.00,0.00,0.00,0.00,0.00,0.00,0.00,0.00,0.00,0.00,1.00,-0.00,0.00,0.00,0.00,2338.00,3024.00,3078.00,3014.00,2338.00,3024.00,3078.00,3014.00,0.00,0.00,3.00,960.00
0.00,0.00,0.00,0.00,0.00,0.00,0.00,0.00,0.00,0.00,0.00,0.00,0.00,0.00,1.00,-0.00,0.00,0.00,0.00,2341.00,3034.00,3069.00,3010.00,2341.00,3034.00,3069.00,3010.00,0.00,0.00,4.00,11.00
0.00,0.00,0.00,0.00,0.00,0.00,0.00,0.00,0.00,0.00,0.00,0.00,0.00,0.00,1.00,-0.00,0.00,0.00,0.00,2335.00,3020.00,3079.00,3013.00,2335.00,3032.00,3071.00,3013.00,0.00,0.00,4.00,66.00
0.00,0.00,0.00,0.00,0.00,0.00,0.00,0.00,0.00,0.00,0.00,0.00,0.00,0.00,1.00,-0.00,0.00,0.00,0.00,2346.00,3035.00,3070.00,3000.00,2346.00,3035.00,3070.00,3000.00,0.00,0.00,4.00,118.00
0.00,0.00,0.00,0.00,0.00,0.00,0.00,0.00,0.00,0.00,0.00,0.00,0.00,0.00,1.00,-0.00,0.00,0.00,0.00,2333.00,3040.00,3071.00,3008.00,2333.00,3040.00,3071.00,3008.00,0.00,0.00,4.00,172.00
0.00,0.00,0.00,0.00,0.00,0.00,0.00,0.00,0.00,0.00,0.00,0.00,0.00,0.00,1.00,-0.00,0.00,0.00,0.00,2337.00,3032.00,3067.00,3012.00,2337.00,3032.00,3067.00,3012.00,0.00,0.00,4.00,224.00
0.00,0.00,0.00,0.00,0.00,0.00,0.00,0.00,0.00,0.00,0.00,0.00,0.00,0.00,1.00,-0.00,0.00,0.00,0.00,2334.00,3058.00,3066.00,3016.00,2334.00,3058.00,3066.00,3016.00,0.00,0.00,4.00,278.00
0.00,0.00,0.00,0.00,0.00,0.00,0.00,0.00,0.00,0.00,0.00,0.00,0.00,0.00,1.00,-0.00,0.00,0.00,0.00,2336.00,3036.00,3067.00,3012.00,2334.00,3036.00,3070.00,3014.00,0.00,0.00,4.00,330.00
0.00,0.00,0.00,0.00,0.00,0.00,0.00,0.00,0.00,0.00,0.00,0.00,0.00,0.00,1.00,-0.00,0.00,0.00,0.00,2337.00,3031.00,3061.00,3022.00,2337.00,3031.00,3061.00,3022.00,0.00,0.00,4.00,384.00
0.00,0.00,0.00,0.00,0.00,0.00,0.00,0.00,0.00,0.00,0.00,0.00,0.00,0.00,1.00,-0.00,0.00,0.00,0.00,2336.00,3034.00,3069.00,3014.00,2336.00,3034.00,3069.00,3014.00,0.00,0.00,4.00,438.00
0.00,0.00,0.00,0.00,0.00,0.00,0.00,0.00,0.00,0.00,0.00,0.00,0.00,0.00,1.00,-0.00,0.00,0.00,0.00,2328.00,3033.00,3072.00,3014.00,2328.00,3033.00,3072.00,3014.00,0.00,0.00,4.00,493.00
0.00,0.00,0.00,0.00,0.00,0.00,0.00,0.00,0.00,0.00,0.00,0.00,0.00,0.00,1.00,-0.00,0.00,0.00,0.00,2346.00,3035.00,3069.00,3003.00,2346.00,3035.00,3069.00,3003.00,0.00,0.00,4.00,546.00
0.00,0.00,0.00,0.00,0.00,0.00,0.00,0.00,0.00,0.00,0.00,0.00,0.00,0.00,1.00,-0.00,0.00,0.00,0.00,2337.00,3031.00,3067.00,3014.00,2338.00,3033.00,3071.00,3014.00,0.00,0.00,4.00,599.00
0.00,0.00,0.00,0.00,0.00,0.00,0.00,0.00,0.00,0.00,0.00,0.00,0.00,0.00,1.00,-0.00,0.00,0.00,0.00,2325.00,3033.00,3069.00,3013.00,2325.00,3033.00,3069.00,3013.00,0.00,0.00,4.00,651.00
0.00,0.00,0.00,0.00,0.00,0.00,0.00,0.00,0.00,0.00,0.00,0.00,0.00,0.00,1.00,-0.00,0.00,0.00,0.00,2326.00,3032.00,3068.00,3017.00,2326.00,3032.00,3068.00,3017.00,0.00,0.00,4.00,705.00
0.00,0.00,0.00,0.00,0.00,0.00,0.00,0.00,0.00,0.00,0.00,0.00,0.00,0.00,1.00,-0.00,0.00,0.00,0.00,2338.00,3032.00,3070.00,3010.00,2338.00,3032.00,3070.00,3010.00,0.00,0.00,4.00,757.00
0.00,0.00,0.00,0.00,0.00,0.00,0.00,0.00,0.00,0.00,0.00,0.00,0.00,0.00,1.00,-0.00,0.00,0.00,0.00,2335.00,3043.00,3069.00,3013.00,2335.00,3043.00,3069.00,3013.00,0.00,0.00,4.00,810.00
0.00,0.00,0.00,0.00,0.00,0.00,0.00,0.00,0.00,0.00,0.00,0.00,0.00,0.00,1.00,-0.00,0.00,0.00,0.00,2346.00,3029.00,3073.00,3013.00,2338.00,3034.00,3069.00,3013.00,0.00,0.00,4.00,865.00
0.00,0.00,0.00,0.00,0.00,0.00,0.00,0.00,0.00,0.00,0.00,0.00,0.00,0.00,1.00,-0.00,0.00,0.00,0.00,2337.00,3031.00,3067.00,3017.00,2337.00,3031.00,3067.00,3017.00,0.00,0.00,4.00,917.00
0.00,0.00,0.00,0.00,0.00,0.00,0.00,0.00,0.00,0.00,0.00,0.00,0.00,0.00,1.00,-0.00,0.00,0.00,0.00,2337.00,3031.00,3069.00,3016.00,2337.00,3031.00,3069.00,3016.00,0.00,0.00,4.00,972.00
0.00,0.00,0.00,0.00,0.00,0.00,0.00,0.00,0.00,0.00,0.00,0.00,0.00,0.00,1.00,-0.00,0.00,0.00,0.00,2336.00,3030.00,3072.00,3014.00,2336.00,3030.00,3072.00,3014.00,0.00,0.00,5.00,24.00
0.00,0.00,0.00,0.00,0.00,0.00,0.00,0.00,0.00,0.00,0.00,0.00,0.00,0.00,1.00,-0.00,0.00,0.00,0.00,2336.00,3035.00,3070.00,3014.00,2336.00,3035.00,3070.00,3014.00,0.00,0.00,5.00,77.00
0.00,0.00,0.00,0.00,0.00,0.00,0.00,0.00,0.00,0.00,0.00,0.00,0.00,0.00,1.00,-0.00,0.00,0.00,0.00,2336.00,3032.00,3071.00,3015.00,2345.00,3024.00,3074.00,3015.00,0.00,0.00,5.00,130.00
0.00,0.00,0.00,0.00,0.00,0.00,0.00,0.00,0.00,0.00,0.00,0.00,0.00,0.00,1.00,-0.00,0.00,0.00,0.00,2327.00,3046.00,3069.00,3036.00,2327.00,3046.00,3069.00,3036.00,0.00,0.00,5.00,182.00
0.00,0.00,0.47,3.71,-0.00,-0.03,-0.13,-0.00,-0.01,-0.05,0.00,0.00,0.00,0.00,1.00,-0.00,-0.00,0.00,0.00,2335.00,3044.00,3068.00,3013.00,2335.00,3044.00,3068.00,3013.00,0.00,0.00,5.00,238.00
0.00,0.00,0.63,3.71,-0.00,-0.10,-0.60,0.00,0.02,0.12,0.00,0.00,0.00,0.00,1.00,-0.00,-0.00,0.00,0.00,2336.00,3036.00,3070.00,2999.00,2350.00,3031.00,3070.00,2999.00,0.00,0.00,5.00,293.00
0.00,0.00,0.37,0.00,-0.01,-0.05,-0.27,0.00,-0.00,-0.01,0.00,0.00,0.00,0.00,1.00,-0.00,0.00,0.00,0.00,2339.00,3039.00,3066.00,3012.00,2339.00,3039.00,3066.00,3012.00,0.00,0.00,5.00,351.00
0.00,0.00,0.37,-0.01,-0.01,-0.04,0.04,-0.00,-0.02,-0.20,0.00,0.00,0.00,0.00,1.00,-0.01,0.00,0.00,0.00,2312.00,3031.00,3071.00,3013.00,2312.00,3031.00,3071.00,3013.00,0.00,0.00,5.00,405.00
0.00,0.00,0.37,-0.01,-0.01,-0.03,0.16,-0.00,-0.01,-0.12,0.00,0.00,0.00,0.00,1.00,-0.01,-0.00,0.00,0.00,2355.00,3028.00,3080.00,2993.00,2355.00,3022.00,3080.00,2993.00,0.00,0.00,5.00,457.00
0.00,0.00,0.37,0.00,-0.01,-0.01,0.23,-0.00,0.01,0.15,0.00,0.00,0.00,0.00,1.00,-0.01,-0.00,0.00,0.00,2339.00,3037.00,3070.00,3014.00,2339.00,3037.00,3070.00,3014.00,0.00,0.00,5.00,514.00
0.00,0.00,0.37,0.00,-0.01,-0.02,0.14,-0.00,0.00,0.09,0.00,0.00,0.00,0.00,1.00,-0.01,-0.00,0.00,0.00,2337.00,3033.00,3069.00,3015.00,2337.00,3033.00,3069.00,3015.00,0.00,0.00,5.00,568.00
0.00,0.00,0.36,-0.03,-0.01,-0.04,-0.06,0.00,0.03,0.23,0.00,0.00,0.00,0.00,1.00,-0.01,-0.00,0.00,0.00,2356.00,3032.00,3075.00,2986.00,2356.00,3032.00,3075.00,2986.00,0.00,0.00,5.00,623.00
0.00,0.00,0.36,-0.03,-0.02,-0.04,-0.13,0.00,0.05,0.46,0.00,0.00,0.00,0.00,1.00,-0.01,0.00,0.00,0.00,2327.00,3030.00,3068.00,3012.00,2327.00,3030.00,3068.00,2997.00,0.00,0.00,5.00,678.00
0.00,0.00,0.37,0.03,-0.02,0.01,0.20,0.00,0.02,-0.04,0.00,0.00,0.00,0.00,1.00,-0.02,0.00,0.00,0.00,2335.00,3034.00,3070.00,3012.00,2335.00,3034.00,3070.00,3012.00,0.00,0.00,5.00,732.00
0.00,0.00,0.36,-0.04,-0.02,-0.00,0.23,0.00,-0.02,-0.44,0.00,0.00,0.00,0.00,1.00,-0.02,0.00,0.00,0.00,2337.00,3040.00,3068.00,3013.00,2337.00,3040.00,3068.00,3013.00,0.00,0.00,5.00,788.00
0.00,0.00,0.36,-0.04,-0.02,-0.00,0.12,0.00,-0.04,-0.53,0.00,0.00,0.00,0.00,1.00,-0.02,0.00,0.00,0.00,2338.00,3030.00,3070.00,3009.00,2338.00,3030.00,3070.00,3009.00,0.00,0.00,5.00,842.00
0.00,0.00,0.36,-0.04,-0.02,-0.01,-0.04,0.00,-0.03,-0.25,0.00,0.00,0.00,0.00,1.00,-0.02,0.00,0.00,0.00,2327.00,3024.00,3073.00,3010.00,2327.00,3024.00,3073.00,3010.00,0.00,0.00,5.00,894.00
0.00,0.00,0.36,-0.06,-0.02,0.01,0.10,-0.00,-0.02,0.00,0.00,0.00,0.00,0.00,1.00,-0.02,0.00,0.00,0.00,2296.00,3030.00,3068.00,3009.00,2299.00,3030.00,3068.00,3009.00,0.00,0.00,5.00,948.00
0.00,0.00,0.35,-0.09,-0.02,0.01,0.10,-0.00,-0.01,0.16,0.00,0.00,0.00,0.00,1.00,-0.02,0.00,0.00,0.00,2308.00,3031.00,3065.00,3008.00,2308.00,3031.00,3065.00,3008.00,0.00,0.00,6.00,1.00
0.00,0.00,0.35,-0.09,-0.02,0.00,0.05,-0.00,-0.04,-0.14,0.00,0.00,0.00,0.00,1.00,-0.02,-0.00,0.00,0.00,2298.00,3034.00,3074.00,3010.00,2298.00,3034.00,3074.00,3010.00,0.00,0.00,6.00,55.00
0.00,0.00,0.35,0.03,-0.02,0.01,0.06,-0.00,-0.03,-0.03,0.00,0.00,0.00,0.00,1.00,-0.02,-0.00,0.00,0.00,2298.00,3034.00,3068.00,3015.00,2297.00,3034.00,3068.00,3015.00,0.00,0.00,6.00,111.00
0.00,0.00,0.35,0.03,-0.02,0.02,0.02,-0.00,-0.04,-0.08,0.00,0.00,0.00,0.00,1.00,-0.02,-0.00,0.00,0.00,2296.00,3039.00,3069.00,3011.00,2296.00,3039.00,3069.00,3011.00,0.00,0.00,6.00,165.00
0.00,0.00,0.35,0.03,-0.02,0.00,-0.02,-0.00,-0.02,0.11,0.00,0.00,0.00,0.00,1.00,-0.02,-0.00,0.00,0.00,2293.00,3040.00,3063.00,3017.00,2293.00,3040.00,3063.00,3017.00,0.00,0.00,6.00,219.00
0.00,0.00,0.35,0.00,-0.02,-0.01,-0.08,-0.00,-0.00,0.21,0.00,0.00,0.00,0.00,1.00,-0.02,-0.00,0.00,0.00,2296.00,3024.00,3065.00,3020.00,2296.00,3024.00,3065.00,3020.00,0.00,0.00,6.00,273.00
0.00,0.00,0.35,0.00,-0.02,-0.01,-0.10,-0.00,-0.00,0.22,0.00,0.00,0.00,0.00,1.00,-0.02,-0.00,0.00,0.00,2293.00,3033.00,3063.00,3016.00,2293.00,3033.00,3063.00,3016.00,0.00,0.00,6.00,327.00
0.00,0.00,0.35,0.00,-0.02,-0.00,-0.03,-0.01,-0.02,0.00,0.00,0.00,0.00,0.00,1.00,-0.02,-0.00,0.00,0.00,2295.00,3032.00,3069.00,3011.00,2295.00,3032.00,3069.00,3011.00,0.00,0.00,6.00,379.00
0.00,0.00,0.45,0.87,-0.02,0.00,0.03,-0.01,-0.01,-0.02,0.00,0.00,0.00,0.00,1.00,-0.02,-0.01,0.00,0.00,2296.00,3029.00,3070.00,3009.00,2296.00,3029.00,3070.00,3009.00,0.00,0.00,6.00,435.00
0.00,0.00,0.49,0.87,-0.02,-0.00,-0.04,-0.01,-0.02,-0.07,0.00,0.00,0.00,0.00,1.00,-0.02,-0.01,0.00,0.00,2298.00,3031.00,3068.00,3017.00,2298.00,3031.00,3068.00,3017.00,0.00,0.00,6.00,489.00
0.00,0.00,0.44,-0.02,-0.02,-0.01,-0.07,-0.01,-0.02,-0.05,0.00,0.00,0.00,0.00,1.00,-0.02,-0.01,0.00,0.00,2295.00,3032.00,3068.00,3014.00,2295.00,3032.00,3068.00,3014.00,0.00,0.00,6.00,546.00
0.00,0.00,0.44,-0.02,-0.02,-0.02,-0.13,-0.01,-0.01,0.06,0.00,0.00,0.00,0.00,1.00,-0.02,-0.01,0.00,0.00,2295.00,3029.00,3069.00,3012.00,2297.00,3030.00,3069.00,3012.00,0.00,0.00,6.00,603.00
0.00,0.00,0.44,0.00,-0.02,-0.01,0.03,-0.01,0.00,0.20,0.00,0.00,0.00,0.00,1.00,-0.02,-0.01,0.00,0.00,2307.00,3035.00,3059.00,3006.00,2307.00,3035.00,3059.00,3006.00,0.00,0.00,6.00,658.00
0.00,0.00,0.44,0.00,-0.02,-0.00,0.10,-0.01,-0.01,0.08,0.00,0.00,0.00,0.00,1.00,-0.02,-0.01,0.00,0.00,2321.00,3042.00,3066.00,2985.00,2321.00,3042.00,3066.00,2985.00,0.00,0.00,6.00,712.00
0.00,0.00,0.44,0.00,-0.02,-0.01,0.07,-0.01,-0.01,-0.02,0.00,0.00,0.00,0.00,1.00,-0.02,-0.01,0.00,0.00,2297.00,3012.00,3066.00,3007.00,2297.00,3032.00,3066.00,3007.00,0.00,0.00,6.00,768.00
0.00,0.00,0.44,0.05,-0.02,-0.00,0.02,-0.01,-0.02,-0.09,0.00,0.00,0.00,0.00,1.00,-0.02,-0.01,0.00,0.00,2295.00,3028.00,3061.00,3020.00,2295.00,3028.00,3061.00,3020.00,0.00,0.00,6.00,822.00
0.00,0.00,0.44,0.05,-0.02,0.00,0.06,-0.01,-0.01,0.01,0.00,0.00,0.00,0.00,1.00,-0.02,-0.01,0.00,0.00,2294.00,3033.00,3067.00,3012.00,2294.00,3033.00,3067.00,3012.00,0.00,0.00,6.00,874.00
0.00,0.00,0.45,0.06,-0.02,-0.01,-0.04,-0.01,-0.00,0.06,0.00,0.00,0.00,0.00,1.00,-0.02,-0.01,0.00,0.00,2285.00,3032.00,3067.00,3016.00,2295.00,3032.00,3066.00,3016.00,0.00,0.00,6.00,930.00
0.00,0.00,0.45,0.06,-0.02,-0.01,-0.05,-0.01,-0.02,-0.10,0.00,0.00,0.00,0.00,1.00,-0.02,-0.01,0.00,0.00,2296.00,3030.00,3069.00,3012.00,2296.00,3030.00,3069.00,3012.00,0.00,0.00,6.00,984.00
0.00,0.00,0.44,-0.11,-0.02,-0.00,0.01,-0.01,-0.04,-0.18,0.00,0.00,0.00,0.00,1.00,-0.02,-0.01,0.00,0.00,2293.00,3036.00,3062.00,3017.00,2293.00,3036.00,3062.00,3017.00,0.00,0.00,7.00,40.00
0.00,0.00,0.43,-0.11,-0.02,-0.01,-0.04,-0.02,-0.03,-0.09,0.00,0.00,0.00,0.00,1.00,-0.02,-0.01,0.00,0.00,2291.00,3031.00,3081.00,3021.00,2295.00,3007.00,3081.00,3021.00,0.00,0.00,7.00,94.00
0.00,0.00,0.44,0.00,-0.02,-0.04,-0.03,-0.02,-0.13,-0.69,0.00,0.00,0.00,0.00,1.00,-0.02,-0.01,0.00,0.00,2293.00,3029.00,3070.00,3013.00,2293.00,3029.00,3070.00,3013.00,0.00,0.00,7.00,149.00
0.00,0.00,0.44,0.00,-0.02,-0.10,-0.48,-0.03,-0.24,-2.01,0.00,0.00,0.00,0.00,1.00,-0.02,-0.02,0.00,0.00,2298.00,3042.00,3069.00,3009.00,2298.00,3042.00,3069.00,3009.00,0.00,0.00,7.00,208.00
0.00,0.00,0.44,0.00,-0.02,-0.03,0.27,-0.04,-0.09,0.12,0.00,0.00,0.00,0.00,1.00,-0.02,-0.03,0.00,0.00,2295.00,3023.00,3071.00,3009.00,2295.00,3023.00,3071.00,3009.00,0.00,0.00,7.00,265.00
0.00,0.00,0.44,0.00,-0.02,-0.06,-0.15,-0.04,-0.05,0.72,0.00,0.00,0.00,0.00,1.00,-0.02,-0.03,0.00,0.00,2293.00,3036.00,3068.00,3010.00,2291.00,3036.00,3068.00,3010.00,0.00,0.00,7.00,319.00
0.00,0.00,0.44,0.00,-0.02,0.05,0.31,-0.05,-0.15,-0.44,0.00,0.00,0.00,0.00,1.00,-0.02,-0.04,0.00,0.00,2299.00,3043.00,3058.00,3021.00,2299.00,3043.00,3058.00,3021.00,0.00,0.00,7.00,373.00
0.00,0.00,0.44,0.00,-0.02,-0.01,-0.11,-0.05,-0.08,0.40,0.00,0.00,0.00,0.00,1.00,-0.02,-0.04,0.00,0.00,2284.00,3032.00,3068.00,3014.00,2284.00,3032.00,3068.00,3014.00,0.00,0.00,7.00,425.00
0.00,0.00,0.44,0.00,-0.03,-0.10,-0.55,-0.05,-0.15,-0.24,0.00,0.00,0.00,0.00,1.00,-0.02,-0.05,0.00,0.00,2294.00,3033.00,3068.00,3014.00,2296.00,3033.00,3066.00,3014.00,0.00,0.00,7.00,481.00
0.00,0.00,0.44,0.00,-0.03,-0.09,-0.26,-0.06,-0.13,-0.25,0.00,0.00,0.00,0.00,1.00,-0.03,-0.05,0.00,0.00,2297.00,3038.00,3064.00,3019.00,2297.00,3038.00,3064.00,3019.00,0.00,0.00,7.00,538.00
0.00,0.00,0.44,0.00,-0.03,-0.06,-0.23,-0.07,-0.02,0.49,0.00,0.00,0.00,0.00,1.00,-0.03,-0.06,0.00,0.00,2297.00,3036.00,3072.00,3013.00,2297.00,3036.00,3072.00,3013.00,0.00,0.00,7.00,594.00
0.00,0.00,0.44,0.00,-0.04,-0.03,-0.57,-0.07,-0.18,-0.46,0.00,0.00,0.00,0.00,1.00,-0.03,-0.06,0.00,0.00,2296.00,3034.00,3067.00,3014.00,2296.00,3034.00,3067.00,3014.00,0.00,0.00,7.00,648.00
0.00,0.00,0.44,0.00,-0.05,-0.15,-0.45,-0.08,-0.25,-1.41,0.00,0.00,0.00,0.00,1.00,-0.04,-0.07,0.00,0.00,2297.00,3039.00,3069.00,3011.00,2296.00,3033.00,3063.00,3024.00,0.00,0.00,7.00,703.00
0.00,0.00,0.44,0.00,-0.06,-0.14,0.06,-0.08,0.00,1.18,0.00,0.00,0.00,0.00,1.00,-0.04,-0.07,0.00,0.00,2296.00,3033.00,3067.00,3012.00,2296.00,3033.00,3067.00,3012.00,0.00,0.00,7.00,760.00
0.00,0.00,0.44,0.00,-0.07,-0.28,-1.10,-0.08,0.09,2.33,0.00,0.00,0.00,0.00,1.00,-0.05,-0.08,0.00,0.00,2296.00,3042.00,3068.00,3011.00,2296.00,3042.00,3068.00,3011.00,0.00,0.00,7.00,814.00
0.00,0.00,0.35,-0.72,-0.07,-0.12,-0.04,-0.08,0.02,0.62,0.00,0.00,0.00,0.00,1.00,-0.06,-0.08,0.00,0.00,2298.00,3041.00,3067.00,3012.00,2298.00,3031.00,3070.00,2999.00,0.00,0.00,7.00,868.00
0.00,0.00,0.31,-0.72,-0.08,-0.07,0.85,-0.08,-0.01,-0.26,0.00,0.00,0.00,0.00,1.00,-0.07,-0.08,0.00,0.00,2298.00,3038.00,3063.00,3017.00,2298.00,3038.00,3063.00,3017.00,0.00,0.00,7.00,924.00
0.00,0.00,0.37,0.00,-0.08,-0.01,1.11,-0.08,-0.01,-0.35,0.00,0.00,0.00,0.00,1.00,-0.07,-0.08,0.00,0.00,2309.00,3031.00,3066.00,3003.00,2309.00,3031.00,3066.00,3003.00,0.00,0.00,7.00,981.00
0.00,0.00,0.37,0.00,-0.08,-0.03,0.54,-0.08,0.01,0.08,0.00,0.00,0.00,0.00,1.00,-0.07,-0.08,0.00,0.00,2297.00,3031.00,3066.00,3008.00,2293.00,3042.00,3066.00,3008.00,0.00,0.00,8.00,32.00
0.00,0.00,0.37,0.00,-0.08,-0.03,0.28,-0.08,-0.03,-0.21,0.00,0.00,0.00,0.00,1.00,-0.08,-0.08,0.00,0.00,2296.00,3028.00,3067.00,3013.00,2296.00,3028.00,3067.00,3013.00,0.00,0.00,8.00,87.00
0.00,0.00,0.37,0.00,-0.08,-0.04,0.08,-0.08,0.02,0.29,0.00,0.00,0.00,0.00,1.00,-0.08,-0.08,0.00,0.00,2297.00,3024.00,3072.00,3010.00,2297.00,3024.00,3072.00,3010.00,0.00,0.00,8.00,142.00
0.00,0.00,0.36,-0.02,-0.08,-0.01,0.25,-0.08,-0.01,-0.09,0.00,0.00,0.00,0.00,1.00,-0.08,-0.08,0.00,0.00,2297.00,3025.00,3070.00,3000.00,2306.00,3031.00,3070.00,3000.00,0.00,0.00,8.00,198.00
0.00,0.00,0.36,-0.01,-0.08,-0.00,0.23,-0.08,-0.02,-0.27,0.00,0.00,0.00,0.00,1.00,-0.08,-0.08,0.00,0.00,2286.00,3009.00,3091.00,3012.00,2286.00,3009.00,3091.00,3012.00,0.00,0.00,8.00,254.00
0.00,0.00,0.36,-0.01,-0.08,-0.01,0.12,-0.08,-0.01,-0.02,0.00,0.00,0.00,0.00,1.00,-0.08,-0.08,0.00,0.00,2294.00,3029.00,3057.00,3023.00,2294.00,3029.00,3057.00,3023.00,0.00,0.00,8.00,311.00
0.00,0.00,0.36,-0.01,-0.08,-0.01,0.11,-0.08,-0.01,0.01,0.00,0.00,0.00,0.00,1.00,-0.08,-0.08,0.00,0.00,2295.00,3031.00,3070.00,3010.00,2295.00,3031.00,3070.00,3010.00,0.00,0.00,8.00,367.00
0.00,0.00,0.36,0.00,-0.08,-0.02,-0.02,-0.08,-0.00,0.09,0.00,0.00,0.00,0.00,1.00,-0.08,-0.08,0.00,0.00,2296.00,3028.00,3067.00,3012.00,2306.00,3028.00,3067.00,3001.00,0.00,0.00,8.00,420.00
0.00,0.00,0.54,1.56,-0.09,-0.02,-0.05,-0.08,-0.01,-0.02,0.00,0.00,0.00,0.00,1.00,-0.08,-0.08,0.00,0.00,2304.00,3005.00,3093.00,3003.00,2304.00,3005.00,3093.00,3003.00,0.00,0.00,8.00,477.00
0.00,0.00,0.63,1.56,-0.09,0.01,0.15,-0.08,-0.01,-0.00,0.00,0.00,0.00,0.00,1.00,-0.08,-0.08,0.00,0.00,2296.00,3034.00,3069.00,3010.00,2296.00,3034.00,3069.00,3010.00,0.00,0.00,8.00,532.00
0.00,0.00,0.49,-0.18,-0.08,0.01,0.18,-0.08,-0.02,-0.09,0.00,0.00,0.00,0.00,1.00,-0.08,-0.08,0.00,0.00,2293.00,3029.00,3068.00,3000.00,2293.00,3029.00,3068.00,3000.00,0.00,0.00,8.00,587.00
0.00,0.00,0.49,-0.18,-0.08,-0.02,-0.05,-0.08,-0.00,0.07,0.00,0.00,0.00,0.00,1.00,-0.08,-0.08,0.00,0.00,2295.00,3032.00,3068.00,3011.00,2295.00,3032.00,3068.00,3005.00,0.00,0.00,8.00,643.00
0.00,0.00,0.31,-1.35,-0.09,-0.01,-0.07,-0.08,-0.01,-0.06,0.00,0.00,0.00,0.00,1.00,-0.09,-0.08,0.00,0.00,2296.00,3033.00,3056.00,3026.00,2296.00,3033.00,3056.00,3026.00,0.00,0.00,8.00,700.00
0.00,0.00,0.25,-1.35,-0.09,-0.02,-0.14,-0.08,0.00,0.13,0.00,0.00,0.00,0.00,1.00,-0.09,-0.08,0.00,0.00,2298.00,3033.00,3066.00,3011.00,2298.00,3033.00,3066.00,3011.00,0.00,0.00,8.00,756.00
0.00,0.00,0.37,0.00,-0.09,-0.02,-0.09,-0.08,0.01,0.11,0.00,0.00,0.00,0.00,1.00,-0.09,-0.08,0.00,0.00,2285.00,3033.00,3064.00,3005.00,2306.00,3034.00,3064.00,3005.00,0.00,0.00,8.00,813.00
0.00,0.00,0.37,0.00,-0.09,-0.03,-0.09,-0.08,-0.01,-0.10,0.00,0.00,0.00,0.00,1.00,-0.09,-0.08,0.00,0.00,2295.00,3030.00,3068.00,3012.00,2295.00,3030.00,3068.00,3012.00,0.00,0.00,8.00,867.00
0.00,0.00,0.37,0.00,-0.09,-0.02,0.06,-0.08,-0.02,-0.19,0.00,0.00,0.00,0.00,1.00,-0.09,-0.08,0.00,0.00,2299.00,3039.00,3070.00,3008.00,2299.00,3039.00,3070.00,3008.00,0.00,0.00,8.00,924.00
0.00,0.00,0.36,-0.01,-0.09,-0.02,0.01,-0.08,-0.02,-0.14,0.00,0.00,0.00,0.00,1.00,-0.09,-0.08,0.00,0.00,2296.00,3030.00,3057.00,3022.00,2296.00,3030.00,3057.00,3022.00,0.00,0.00,8.00,978.00
0.00,0.00,0.36,-0.01,-0.09,-0.02,-0.03,-0.08,-0.00,0.14,0.00,0.00,0.00,0.00,1.00,-0.09,-0.08,0.00,0.00,2295.00,3025.00,3076.00,3011.00,2292.00,3025.00,3069.00,3011.00,0.00,0.00,9.00,34.00
0.00,0.00,0.37,0.04,-0.09,-0.02,0.01,-0.08,0.01,0.21,0.00,0.00,0.00,0.00,1.00,-0.09,-0.08,0.00,0.00,2305.00,3031.00,3068.00,3005.00,2305.00,3031.00,3068.00,3005.00,0.00,0.00,9.00,86.00
0.00,0.00,0.37,0.04,-0.09,-0.03,-0.11,-0.08,-0.02,-0.03,0.00,0.00,0.00,0.00,1.00,-0.09,-0.08,0.00,0.00,2297.00,3033.00,3066.00,3003.00,2297.00,3033.00,3066.00,3003.00,0.00,0.00,9.00,142.00
0.00,0.00,0.35,-0.17,-0.09,-0.00,0.11,-0.08,-0.02,-0.09,0.00,0.00,0.00,0.00,1.00,-0.09,-0.08,0.00,0.00,2307.00,3033.00,3069.00,3007.00,2302.00,3033.00,3069.00,3007.00,0.00,0.00,9.00,199.00
0.00,0.00,0.34,-0.17,-0.09,0.00,0.17,-0.08,-0.02,-0.06,0.00,0.00,0.00,0.00,1.00,-0.09,-0.08,0.00,0.00,2299.00,3031.00,3070.00,3009.00,2294.00,3031.00,3070.00,3022.00,0.00,0.00,9.00,254.00
0.00,0.00,0.36,0.06,-0.09,-0.00,0.06,-0.09,-0.01,0.06,0.00,0.00,0.00,0.00,1.00,-0.09,-0.08,0.00,0.00,2296.00,3032.00,3064.00,3014.00,2296.00,3032.00,3064.00,3014.00,0.00,0.00,9.00,308.00
0.00,0.00,0.36,0.06,-0.09,0.00,0.06,-0.09,-0.01,0.08,0.00,0.00,0.00,0.00,1.00,-0.09,-0.08,0.00,0.00,2296.00,3045.00,3069.00,3013.00,2297.00,3045.00,3069.00,3013.00,0.00,0.00,9.00,362.00
0.00,0.00,0.35,-0.03,-0.09,-0.00,0.03,-0.09,-0.01,0.04,0.00,0.00,0.00,0.00,1.00,-0.09,-0.09,0.00,0.00,2295.00,3039.00,3056.00,3019.00,2295.00,3039.00,3056.00,3019.00,0.00,0.00,9.00,418.00
0.00,0.00,0.34,-0.13,-0.09,0.01,0.07,-0.09,-0.01,-0.03,0.00,0.00,0.00,0.00,1.00,-0.09,-0.09,0.00,0.00,2297.00,3031.00,3069.00,3014.00,2297.00,3031.00,3069.00,3014.00,0.00,0.00,9.00,471.00
0.00,0.00,0.34,-0.13,-0.09,0.02,0.15,-0.09,-0.01,0.00,0.00,0.00,0.00,0.00,1.00,-0.09,-0.09,0.00,0.00,2295.00,3049.00,3071.00,3011.00,2293.00,3024.00,3071.00,3011.00,0.00,0.00,9.00,526.00
0.00,0.00,0.33,-0.13,-0.09,0.00,0.02,-0.09,-0.02,-0.03,0.00,0.00,0.00,0.00,1.00,-0.09,-0.09,0.00,0.00,2297.00,3034.00,3068.00,3013.00,2297.00,3034.00,3068.00,3013.00,0.00,0.00,9.00,582.00
0.00,0.00,0.34,0.00,-0.09,0.01,-0.00,-0.09,-0.02,-0.05,0.00,0.00,0.00,0.00,1.00,-0.09,-0.09,0.00,0.00,2296.00,3023.00,3076.00,3011.00,2296.00,3023.00,3076.00,3011.00,0.00,0.00,9.00,636.00
0.00,0.00,0.34,0.00,-0.09,0.01,0.05,-0.09,-0.02,-0.05,0.00,0.00,0.00,0.00,1.00,-0.09,-0.09,0.00,0.00,2293.00,3030.00,3062.00,3003.00,2306.00,3032.00,3067.00,3003.00,0.00,0.00,9.00,688.00
0.00,0.00,0.34,0.00,-0.09,-0.02,-0.15,-0.09,0.01,0.17,0.00,0.00,0.00,0.00,1.00,-0.09,-0.09,0.00,0.00,2294.00,3022.00,3081.00,3013.00,2294.00,3022.00,3081.00,3013.00,0.00,0.00,9.00,744.00
0.00,0.00,0.33,-0.11,-0.09,-0.01,-0.13,-0.09,0.00,0.09,0.00,0.00,0.00,0.00,1.00,-0.09,-0.09,0.00,0.00,2294.00,3018.00,3076.00,3011.00,2294.00,3018.00,3076.00,3011.00,0.00,0.00,9.00,798.00
0.00,0.00,0.32,-0.11,-0.09,0.01,0.04,-0.09,-0.00,-0.00,0.00,0.00,0.00,0.00,1.00,-0.09,-0.09,0.00,0.00,2295.00,3028.00,3064.00,3007.00,2284.00,3029.00,3065.00,3010.00,0.00,0.00,9.00,850.00
0.00,0.00,0.32,-0.11,-0.09,0.01,0.07,-0.09,-0.00,-0.04,0.00,0.00,0.00,0.00,1.00,-0.09,-0.09,0.00,0.00,2295.00,3031.00,3068.00,3012.00,2295.00,3031.00,3068.00,3012.00,0.00,0.00,9.00,906.00
0.00,0.00,0.33,0.00,-0.09,-0.02,-0.11,-0.09,-0.01,-0.03,0.00,0.00,0.00,0.00,1.00,-0.09,-0.09,0.00,0.00,2296.00,3038.00,3067.00,3009.00,2296.00,3038.00,3067.00,3009.00,0.00,0.00,9.00,960.00
0.00,0.00,0.37,0.37,-0.09,0.02,0.09,-0.09,-0.01,-0.03,0.00,0.00,0.00,0.00,1.00,-0.09,-0.09,0.00,0.00,2302.00,3031.00,3067.00,3006.00,2294.00,3031.00,3065.00,3011.00,0.00,0.00,10.00,15.00
0.00,0.00,0.39,0.37,-0.09,-0.02,-0.12,-0.09,-0.01,-0.02,0.00,0.00,0.00,0.00,1.00,-0.09,-0.09,0.00,0.00,2291.00,3023.00,3080.00,3013.00,2291.00,3023.00,3080.00,3013.00,0.00,0.00,10.00,69.00
0.00,0.00,0.37,0.00,-0.09,0.02,0.13,-0.09,-0.02,-0.12,0.00,0.00,0.00,0.00,1.00,-0.09,-0.09,0.00,0.00,2293.00,3029.00,3067.00,3009.00,2293.00,3029.00,3067.00,3009.00,0.00,0.00,10.00,124.00
0.00,0.00,0.37,0.00,-0.09,0.00,0.01,-0.09,-0.02,-0.05,0.00,0.00,0.00,0.00,1.00,-0.09,-0.09,0.00,0.00,2300.00,3024.00,3068.00,3011.00,2296.00,3038.00,3068.00,3011.00,0.00,0.00,10.00,180.00
0.00,0.00,0.37,-0.01,-0.09,0.01,0.09,-0.09,-0.02,-0.11,0.00,0.00,0.00,0.00,1.00,-0.09,-0.09,0.00,0.00,2309.00,3039.00,3068.00,3013.00,2296.00,3033.00,3068.00,3013.00,0.00,0.00,10.00,404.00
0.00,0.00,0.37,0.00,-0.09,0.00,0.09,-0.09,-0.03,-0.19,0.00,0.00,0.00,0.00,1.00,-0.09,-0.09,0.00,0.00,2297.00,3018.00,3085.00,3013.00,2297.00,3018.00,3085.00,3013.00,0.00,0.00,10.00,461.00
0.00,0.00,0.37,0.00,-0.09,0.01,0.08,-0.09,-0.02,-0.03,0.00,0.00,0.00,0.00,1.00,-0.09,-0.09,0.00,0.00,2288.00,3029.00,3070.00,3011.00,2288.00,3029.00,3070.00,3011.00,0.00,0.00,10.00,514.00
0.00,0.00,0.37,0.00,-0.09,-0.01,-0.06,-0.09,-0.01,0.12,0.00,0.00,0.00,0.00,1.00,-0.09,-0.09,0.00,0.00,2300.00,3031.00,3067.00,3010.00,2300.00,3031.00,3067.00,3010.00,0.00,0.00,10.00,570.00
0.00,0.00,0.37,0.00,-0.09,-0.01,-0.06,-0.09,-0.00,0.11,0.00,0.00,0.00,0.00,1.00,-0.09,-0.09,0.00,0.00,2288.00,3030.00,3063.00,3018.00,2282.00,3019.00,3079.00,3012.00,0.00,0.00,10.00,625.00
0.00,0.00,0.37,0.00,-0.09,0.01,0.01,-0.09,-0.00,0.08,0.00,0.00,0.00,0.00,1.00,-0.09,-0.09,0.00,0.00,2299.00,3025.00,3074.00,3007.00,2299.00,3025.00,3074.00,3007.00,0.00,0.00,10.00,684.00
0.00,0.00,0.36,-0.06,-0.09,-0.00,0.03,-0.09,-0.01,0.03,0.00,0.00,0.00,0.00,1.00,-0.09,-0.09,0.00,0.00,2288.00,3019.00,3079.00,3013.00,2288.00,3019.00,3079.00,3013.00,0.00,0.00,10.00,738.00
0.00,0.00,0.36,-0.06,-0.09,-0.00,-0.01,-0.09,0.00,0.08,0.00,0.00,0.00,0.00,1.00,-0.09,-0.09,0.00,0.00,2302.00,3014.00,3088.00,3005.00,2302.00,3014.00,3088.00,3005.00,0.00,0.00,10.00,795.00
0.00,0.00,0.36,0.00,-0.09,-0.02,-0.07,-0.09,0.01,0.10,0.00,0.00,0.00,0.00,1.00,-0.09,-0.09,0.00,0.00,2293.00,2977.00,3121.00,3011.00,2293.00,2977.00,3121.00,3011.00,0.00,0.00,10.00,852.00
0.00,0.00,0.36,0.00,-0.09,-0.02,-0.07,-0.09,-0.01,-0.02,0.00,0.00,0.00,0.00,1.00,-0.09,-0.09,0.00,0.00,2325.00,3031.00,3061.00,3014.00,2325.00,3031.00,3061.00,3014.00,0.00,0.00,10.00,906.00
0.00,0.00,0.37,0.03,-0.09,-0.02,-0.06,-0.09,-0.00,-0.06,0.00,0.00,0.00,0.00,1.00,-0.09,-0.09,0.00,0.00,2305.00,3032.00,3062.00,3007.00,2305.00,3032.00,3062.00,3007.00,0.00,0.00,10.00,963.00
0.00,0.00,0.37,0.03,-0.10,0.00,0.02,-0.09,-0.02,-0.12,0.00,0.00,0.00,0.00,1.00,-0.09,-0.09,0.00,0.00,2295.00,3031.00,3069.00,3013.00,2296.00,3034.00,3065.00,3013.00,0.00,0.00,11.00,18.00
0.00,0.00,0.37,0.00,-0.10,-0.01,-0.01,-0.10,-0.01,-0.06,0.00,0.00,0.00,0.00,1.00,-0.10,-0.10,0.00,0.00,2295.00,3031.00,3068.00,3010.00,2295.00,3031.00,3068.00,3010.00,0.00,0.00,11.00,72.00
0.00,0.00,0.37,0.03,-0.10,-0.01,-0.02,-0.10,-0.01,0.04,0.00,0.00,0.00,0.00,1.00,-0.10,-0.10,0.00,0.00,2273.00,3041.00,3064.00,3013.00,2273.00,3041.00,3064.00,3013.00,0.00,0.00,11.00,129.00
0.00,0.00,0.37,0.03,-0.10,0.01,0.17,-0.10,-0.02,-0.03,0.00,0.00,0.00,0.00,1.00,-0.10,-0.10,0.00,0.00,2297.00,3033.00,3067.00,3012.00,2297.00,3033.00,3067.00,3012.00,0.00,0.00,11.00,185.00
0.00,0.00,0.37,-0.01,-0.10,0.01,0.16,-0.10,0.00,0.09,0.00,0.00,0.00,0.00,1.00,-0.10,-0.10,0.00,0.00,2301.00,3048.00,3060.00,3018.00,2286.00,3048.00,3066.00,3010.00,0.00,0.00,11.00,242.00
0.00,0.00,0.37,-0.01,-0.10,0.00,0.02,-0.10,0.00,0.12,0.00,0.00,0.00,0.00,1.00,-0.10,-0.10,0.00,0.00,2297.00,3034.00,3069.00,3011.00,2297.00,3034.00,3069.00,3011.00,0.00,0.00,11.00,296.00
0.00,0.00,0.37,-0.02,-0.10,0.02,0.08,-0.10,-0.01,-0.03,0.00,0.00,0.00,0.00,1.00,-0.10,-0.10,0.00,0.00,2295.00,3030.00,3068.00,3000.00,2295.00,3030.00,3068.00,3000.00,0.00,0.00,11.00,350.00
0.00,0.00,0.36,-0.02,-0.10,-0.00,-0.02,-0.10,-0.02,-0.14,0.00,0.00,0.00,0.00,1.00,-0.10,-0.10,0.00,0.00,2300.00,3030.00,3076.00,3011.00,2264.00,3018.00,3076.00,3011.00,0.00,0.00,11.00,406.00
0.00,0.00,0.36,-0.01,-0.10,0.00,-0.01,-0.10,-0.03,-0.16,0.00,0.00,0.00,0.00,1.00,-0.10,-0.10,0.00,0.00,2290.00,3029.00,3065.00,3011.00,2290.00,3029.00,3065.00,3011.00,0.00,0.00,11.00,462.00
0.00,0.00,0.37,0.00,-0.10,-0.04,-0.20,-0.10,0.01,0.19,0.00,0.00,0.00,0.00,1.00,-0.10,-0.10,0.00,0.00,2298.00,3028.00,3070.00,3009.00,2298.00,3028.00,3070.00,3009.00,0.00,0.00,11.00,802.00
0.00,0.00,0.37,-0.03,-0.10,-0.02,-0.08,-0.10,-0.00,0.04,0.00,0.00,0.00,0.00,1.00,-0.10,-0.10,0.00,0.00,2295.00,3018.00,3068.00,3011.00,2295.00,3029.00,3068.00,3011.00,0.00,0.00,11.00,855.00
0.00,0.00,0.36,-0.03,-0.10,-0.02,-0.02,-0.10,0.00,0.00,0.00,0.00,0.00,0.00,1.00,-0.10,-0.10,0.00,0.00,2296.00,3029.00,3068.00,3011.00,2296.00,3029.00,3068.00,3011.00,0.00,0.00,11.00,912.00
0.00,0.00,0.36,-0.02,-0.10,-0.01,0.12,-0.10,-0.00,-0.06,0.00,0.00,0.00,0.00,1.00,-0.10,-0.10,0.00,0.00,2295.00,3030.00,3060.00,3017.00,2295.00,3030.00,3060.00,3017.00,0.00,0.00,11.00,969.00
0.00,0.00,0.37,0.03,-0.10,-0.00,0.10,-0.10,0.00,0.07,0.00,0.00,0.00,0.00,1.00,-0.10,-0.10,0.00,0.00,2295.00,3029.00,3068.00,3009.00,2295.00,3029.00,3068.00,3009.00,0.00,0.00,12.00,24.00
0.00,0.00,0.37,0.03,-0.10,0.01,0.20,-0.10,0.00,0.08,0.00,0.00,0.00,0.00,1.00,-0.10,-0.10,0.00,0.00,2297.00,3030.00,3066.00,3010.00,2293.00,3030.00,3066.00,3010.00,0.00,0.00,12.00,79.00
0.00,0.00,0.37,0.03,-0.10,0.01,0.14,-0.10,-0.00,0.02,0.00,0.00,0.00,0.00,1.00,-0.10,-0.10,0.00,0.00,2295.00,3032.00,3066.00,3014.00,2295.00,3032.00,3066.00,3014.00,0.00,0.00,12.00,135.00
0.00,0.00,0.37,0.00,-0.10,-0.00,0.04,-0.10,-0.01,-0.14,0.00,0.00,0.00,0.00,1.00,-0.10,-0.10,0.00,0.00,2295.00,3021.00,3080.00,3012.00,2295.00,3021.00,3080.00,3012.00,0.00,0.00,12.00,189.00
0.00,0.00,0.36,-0.09,-0.10,-0.00,-0.01,-0.10,-0.03,-0.20,0.00,0.00,0.00,0.00,1.00,-0.10,-0.10,0.00,0.00,2285.00,3023.00,3077.00,3014.00,2297.00,3024.00,3077.00,3014.00,0.00,0.00,12.00,245.00
0.00,0.00,0.35,-0.09,-0.10,0.00,0.02,-0.10,-0.02,-0.11,0.00,0.00,0.00,0.00,1.00,-0.10,-0.10,0.00,0.00,2297.00,3028.00,3069.00,3012.00,2297.00,3028.00,3069.00,3012.00,0.00,0.00,12.00,302.00
0.00,0.00,0.36,0.02,-0.10,0.00,0.03,-0.10,-0.02,-0.01,0.00,0.00,0.00,0.00,1.00,-0.10,-0.10,0.00,0.00,2295.00,3031.00,3068.00,3011.00,2295.00,3031.00,3068.00,3011.00,0.00,0.00,12.00,358.00
0.00,0.00,0.36,0.02,-0.10,0.00,0.01,-0.10,-0.00,0.12,0.00,0.00,0.00,0.00,1.00,-0.10,-0.10,0.00,0.00,2295.00,3054.00,3063.00,3024.00,2295.00,3054.00,3063.00,3024.00,0.00,0.00,12.00,411.00
0.00,0.00,0.36,0.00,-0.10,0.00,0.02,-0.11,-0.02,-0.09,0.00,0.00,0.00,0.00,1.00,-0.10,-0.10,0.00,0.00,2293.00,3030.00,3067.00,3014.00,2302.00,3030.00,3065.00,3014.00,0.00,0.00,12.00,468.00
0.00,0.00,0.36,0.00,-0.10,-0.01,-0.03,-0.11,-0.02,-0.01,0.00,0.00,0.00,0.00,1.00,-0.10,-0.11,0.00,0.00,2297.00,3038.00,3069.00,3011.00,2297.00,3038.00,3069.00,3011.00,0.00,0.00,12.00,523.00
0.00,0.00,0.56,1.53,-0.10,-0.01,-0.07,-0.11,-0.00,0.12,0.00,0.00,0.00,0.00,1.00,-0.10,-0.11,0.00,0.00,2295.00,3033.00,3068.00,3011.00,2295.00,3033.00,3068.00,3011.00,0.00,0.00,12.00,576.00
0.00,0.00,0.62,1.53,-0.10,-0.02,-0.10,-0.11,-0.00,0.10,0.00,0.00,0.00,0.00,1.00,-0.10,-0.11,0.00,0.00,2298.00,3032.00,3064.00,3017.00,2297.00,3031.00,3064.00,3017.00,0.00,0.00,12.00,633.00
0.00,0.00,0.30,-1.52,-0.11,-0.01,-0.07,-0.11,-0.01,-0.03,0.00,0.00,0.00,0.00,1.00,-0.10,-0.11,0.00,0.00,2302.00,3028.00,3071.00,3006.00,2302.00,3028.00,3071.00,3006.00,0.00,0.00,12.00,690.00
0.00,0.00,0.37,0.03,-0.11,0.00,0.10,-0.11,-0.01,0.00,0.00,0.00,0.00,0.00,1.00,-0.11,-0.11,0.00,0.00,2297.00,3034.00,3070.00,3012.00,2297.00,3034.00,3070.00,3012.00,0.00,0.00,12.00,745.00
0.00,0.00,0.37,0.03,-0.11,-0.02,0.00,-0.11,-0.00,0.01,0.00,0.00,0.00,0.00,1.00,-0.11,-0.11,0.00,0.00,2294.00,3034.00,3059.00,3026.00,2294.00,3034.00,3059.00,3026.00,0.00,0.00,12.00,802.00
0.00,0.00,0.37,0.03,-0.11,-0.02,-0.14,-0.11,-0.02,-0.07,0.00,0.00,0.00,0.00,1.00,-0.11,-0.11,0.00,0.00,2295.00,3029.00,3056.00,3022.00,2294.00,3029.00,3056.00,3026.00,0.00,0.00,12.00,856.00
0.00,0.00,0.37,-0.02,-0.11,-0.00,0.08,-0.11,-0.02,-0.06,0.00,0.00,0.00,0.00,1.00,-0.11,-0.11,0.00,0.00,2293.00,3085.00,3061.00,3015.00,2293.00,3085.00,3061.00,3015.00,0.00,0.00,13.00,192.00
0.00,0.00,0.37,-0.02,-0.11,-0.02,-0.00,-0.11,-0.01,0.02,0.00,0.00,0.00,0.00,1.00,-0.11,-0.11,0.00,0.00,2299.00,3051.00,3066.00,3010.00,2299.00,3051.00,3066.00,3010.00,0.00,0.00,13.00,249.00
0.00,0.00,0.37,0.03,-0.11,-0.01,-0.02,-0.11,-0.02,-0.01,0.00,0.00,0.00,0.00,1.00,-0.11,-0.11,0.00,0.00,2296.00,3036.00,3067.00,3012.00,2297.00,3036.00,3069.00,3009.00,0.00,0.00,13.00,306.00
0.00,0.00,0.37,-0.03,-0.11,-0.00,0.05,-0.11,-0.02,-0.06,0.00,0.00,0.00,0.00,1.00,-0.11,-0.11,0.00,0.00,2296.00,3042.00,3069.00,3013.00,2296.00,3042.00,3069.00,3013.00,0.00,0.00,13.00,363.00
0.00,0.00,0.37,-0.03,-0.11,-0.01,0.03,-0.11,-0.01,-0.03,0.00,0.00,0.00,0.00,1.00,-0.11,-0.11,0.00,0.00,2294.00,3038.00,3063.00,3008.00,2294.00,3038.00,3063.00,3008.00,0.00,0.00,13.00,420.00
0.00,0.00,0.37,-0.03,-0.11,0.03,0.19,-0.12,-0.13,-0.96,0.00,0.00,0.00,0.00,1.00,-0.11,-0.11,0.00,0.00,2295.00,3035.00,3073.00,3002.00,2295.00,3035.00,3073.00,3002.00,0.00,0.00,13.00,476.00
0.00,0.00,0.37,0.00,-0.11,-0.06,-0.17,-0.12,-0.13,-0.80,0.00,0.00,0.00,0.00,1.00,-0.11,-0.12,0.00,0.00,2308.00,3038.00,3069.00,3004.00,2308.00,3031.00,3069.00,3004.00,0.00,0.00,13.00,533.00
0.00,0.00,0.37,0.00,-0.11,-0.02,-0.34,-0.13,-0.09,-0.28,0.00,0.00,0.00,0.00,1.00,-0.11,-0.12,0.00,0.00,2315.00,3036.00,3048.00,3015.00,2315.00,3036.00,3048.00,3015.00,0.00,0.00,13.00,590.00
0.00,0.00,0.37,0.00,-0.12,-0.03,-0.66,-0.13,-0.07,0.28,0.00,0.00,0.00,0.00,1.00,-0.11,-0.12,0.00,0.00,2297.00,3031.00,3068.00,3014.00,2297.00,3031.00,3068.00,3014.00,0.00,0.00,13.00,647.00
0.00,0.00,0.37,0.00,-0.12,-0.05,-0.02,-0.13,-0.06,0.10,0.00,0.00,0.00,0.00,1.00,-0.12,-0.13,0.00,0.00,2292.00,3019.00,3077.00,3011.00,2292.00,3019.00,3077.00,3011.00,0.00,0.00,13.00,702.00
0.00,0.00,0.37,0.00,-0.12,-0.04,0.24,-0.13,-0.05,0.28,0.00,0.00,0.00,0.00,1.00,-0.12,-0.13,0.00,0.00,2294.00,3028.00,3068.00,3011.00,2294.00,3028.00,3068.00,3011.00,0.00,0.00,13.00,761.00
0.00,0.00,0.37,0.00,-0.12,-0.04,0.22,-0.14,-0.02,0.28,0.00,0.00,0.00,0.00,1.00,-0.12,-0.13,0.00,0.00,2295.00,3034.00,3070.00,3011.00,2295.00,3034.00,3070.00,3011.00,0.00,0.00,13.00,815.00
0.00,0.00,0.37,-0.01,-0.13,-0.01,0.15,-0.14,-0.01,0.32,0.00,0.00,0.00,0.00,1.00,-0.12,-0.13,0.00,0.00,2296.00,3041.00,3068.00,3014.00,2296.00,3041.00,3068.00,3014.00,0.00,0.00,13.00,869.00
0.00,0.00,0.37,-0.01,-0.13,-0.00,0.19,-0.14,-0.05,0.01,0.00,0.00,0.00,0.00,1.00,-0.12,-0.14,0.00,0.00,2298.00,3033.00,3068.00,3008.00,2298.00,3033.00,3068.00,3008.00,0.00,0.00,13.00,925.00
0.00,0.00,0.37,-0.01,-0.13,0.02,0.33,-0.14,-0.05,-0.15,0.00,0.00,0.00,0.00,1.00,-0.13,-0.14,0.00,0.00,2298.00,3023.00,3071.00,3012.00,2296.00,3026.00,3071.00,3012.00,0.00,0.00,13.00,982.00
0.00,0.00,0.37,0.00,-0.12,0.03,0.38,-0.14,-0.01,0.24,0.00,0.00,0.00,0.00,1.00,-0.13,-0.14,0.00,0.00,2294.00,3022.00,3078.00,3011.00,2294.00,3022.00,3078.00,3011.00,0.00,0.00,14.00,38.00
0.00,0.00,0.37,0.00,-0.12,0.02,0.06,-0.15,-0.03,0.07,0.00,0.00,0.00,0.00,1.00,-0.13,-0.14,0.00,0.00,2296.00,3034.00,3068.00,3015.00,2296.00,3034.00,3068.00,3015.00,0.00,0.00,14.00,92.00
0.00,0.00,0.37,0.00,-0.12,-0.05,-0.30,-0.15,-0.04,-0.02,0.00,0.00,0.00,0.00,1.00,-0.12,-0.14,0.00,0.00,2296.00,3016.00,3086.00,3015.00,2296.00,3016.00,3086.00,3015.00,0.00,0.00,14.00,146.00
0.00,0.00,0.37,0.01,-0.13,-0.02,-0.17,-0.15,-0.02,0.17,0.00,0.00,0.00,0.00,1.00,-0.12,-0.15,0.00,0.00,2297.00,3038.00,3066.00,3015.00,2297.00,3038.00,3066.00,3015.00,0.00,0.00,14.00,202.00
0.00,0.00,0.37,0.01,-0.13,-0.04,-0.26,-0.15,-0.01,0.13,0.00,0.00,0.00,0.00,1.00,-0.13,-0.15,0.00,0.00,2309.00,3034.00,3069.00,3003.00,2309.00,3034.00,3069.00,3003.00,0.00,0.00,14.00,259.00
00.00,0.00,0.37,-0.01,-0.13,-0.00,0.04,-0.15,-0.00,-0.01,0.00,0.00,0.00,0.00,1.00,-0.13,-0.15,0.00,0.00,2297.00,3031.00,3065.00,3017.00,2294.00,3030.00,3057.00,3017.00,0.00,0.00,14.00,534.00
0.00,0.00,0.37,0.02,-0.13,0.00,0.05,-0.15,-0.00,-0.04,0.00,0.00,0.00,0.00,1.00,-0.13,-0.15,0.00,0.00,2296.00,3032.00,3072.00,3011.00,2296.00,3032.00,3072.00,3011.00,0.00,0.00,14.00,590.00
0.00,0.00,0.37,0.02,-0.13,-0.01,-0.04,-0.15,-0.01,-0.09,0.00,0.00,0.00,0.00,1.00,-0.13,-0.15,0.00,0.00,2296.00,3032.00,3065.00,3017.00,2296.00,3032.00,3065.00,3017.00,0.00,0.00,14.00,644.00
0.00,0.00,0.37,0.02,-0.13,-0.00,-0.01,-0.15,-0.05,-0.28,0.00,0.00,0.00,0.00,1.00,-0.13,-0.15,0.00,0.00,2297.00,3032.00,3085.00,3024.00,2297.00,3032.00,3085.00,3024.00,0.00,0.00,14.00,701.00
0.00,0.00,0.37,0.00,-0.13,-0.02,-0.03,-0.15,-0.02,-0.08,0.00,0.00,0.00,0.00,1.00,-0.13,-0.15,0.00,0.00,2308.00,3031.00,3069.00,2998.00,2295.00,3031.00,3083.00,3011.00,0.00,0.00,14.00,758.00
0.00,0.00,0.36,-0.05,-0.13,-0.01,-0.08,-0.15,0.00,0.17,0.00,0.00,0.00,0.00,1.00,-0.13,-0.15,0.00,0.00,2295.00,3034.00,3069.00,3012.00,2295.00,3034.00,3069.00,3012.00,0.00,0.00,14.00,815.00
0.00,0.00,0.36,-0.05,-0.13,-0.02,-0.09,-0.15,0.01,0.21,0.00,0.00,0.00,0.00,1.00,-0.13,-0.15,0.00,0.00,2297.00,3032.00,3037.00,3046.00,2297.00,3032.00,3037.00,3046.00,0.00,0.00,14.00,872.00
0.00,0.00,0.36,-0.01,-0.13,-0.02,-0.09,-0.15,-0.01,0.00,0.00,0.00,0.00,0.00,1.00,-0.13,-0.15,0.00,0.00,2281.00,3036.00,3071.00,3013.00,2281.00,3036.00,3071.00,3013.00,0.00,0.00,14.00,929.00
0.00,0.00,0.37,0.04,-0.13,0.00,0.12,-0.15,-0.02,-0.16,0.00,0.00,0.00,0.00,1.00,-0.13,-0.15,0.00,0.00,2295.00,3032.00,3065.00,3018.00,2295.00,3032.00,3065.00,3018.00,0.00,0.00,14.00,986.00
0.00,0.00,0.37,0.04,-0.13,-0.00,0.09,-0.16,-0.02,-0.16,0.00,0.00,0.00,0.00,1.00,-0.13,-0.15,0.00,0.00,2294.00,3034.00,3069.00,3013.00,2294.00,3034.00,3069.00,3013.00,0.00,0.00,15.00,39.00
0.00,0.00,0.37,0.01,-0.13,0.00,0.07,-0.16,-0.02,-0.04,0.00,0.00,0.00,0.00,1.00,-0.13,-0.16,0.00,0.00,2288.00,3031.00,3072.00,3015.00,2288.00,3031.00,3072.00,3015.00,0.00,0.00,15.00,93.00
0.00,0.00,0.37,0.01,-0.13,0.00,0.04,-0.16,-0.00,0.13,0.00,0.00,0.00,0.00,1.00,-0.13,-0.16,0.00,0.00,2294.00,3030.00,3068.00,3007.00,2303.00,3022.00,3080.00,3007.00,0.00,0.00,15.00,146.00
0.00,0.00,0.37,0.02,-0.13,0.00,0.02,-0.16,-0.00,0.15,0.00,0.00,0.00,0.00,1.00,-0.13,-0.16,0.00,0.00,2296.00,3032.00,3067.00,3012.00,2296.00,3032.00,3067.00,3012.00,0.00,0.00,15.00,203.00
0.00,0.00,0.37,0.02,-0.13,-0.00,-0.01,-0.16,-0.01,0.01,0.00,0.00,0.00,0.00,1.00,-0.13,-0.16,0.00,0.00,2298.00,3041.00,3067.00,3011.00,2298.00,3041.00,3067.00,3011.00,0.00,0.00,15.00,256.00
0.00,0.00,0.37,-0.06,-0.13,-0.00,-0.01,-0.16,-0.01,-0.08,0.00,0.00,0.00,0.00,1.00,-0.13,-0.16,0.00,0.00,2295.00,3021.00,3055.00,3039.00,2295.00,3021.00,3055.00,3039.00,0.00,0.00,15.00,312.00
0.00,0.00,0.36,-0.06,-0.13,0.01,0.07,-0.16,-0.02,-0.10,0.00,0.00,0.00,0.00,1.00,-0.13,-0.16,0.00,0.00,2297.00,3031.00,3068.00,3013.00,2297.00,3031.00,3068.00,3005.00,0.00,0.00,15.00,369.00
0.00,0.00,0.37,0.05,-0.13,0.01,0.07,-0.16,-0.01,-0.04,0.00,0.00,0.00,0.00,1.00,-0.13,-0.16,0.00,0.00,2292.00,3030.00,3068.00,3010.00,2292.00,3030.00,3068.00,3010.00,0.00,0.00,15.00,426.00
0.00,0.00,0.37,0.05,-0.13,-0.03,-0.22,-0.16,0.01,0.18,0.00,0.00,0.00,0.00,1.00,-0.13,-0.16,0.00,0.00,2296.00,3029.00,3070.00,3012.00,2296.00,3029.00,3070.00,3012.00,0.00,0.00,15.00,480.00
0.00,0.00,0.37,0.00,-0.13,0.01,0.00,-0.16,0.01,0.22,0.00,0.00,0.00,0.00,1.00,-0.13,-0.16,0.00,0.00,2295.00,3033.00,3061.00,3016.00,2294.00,3033.00,3061.00,3009.00,0.00,0.00,15.00,532.00
0.00,0.00,0.37,0.00,-0.13,0.02,0.16,-0.16,-0.02,-0.12,0.00,0.00,0.00,0.00,1.00,-0.13,-0.16,0.00,0.00,2296.00,3037.00,3067.00,3015.00,2296.00,3037.00,3067.00,3015.00,0.00,0.00,15.00,588.00
0.00,0.00,0.37,0.00,-0.13,0.01,0.14,-0.16,-0.02,-0.25,0.00,0.00,0.00,0.00,1.00,-0.13,-0.16,0.00,0.00,2295.00,3025.00,3069.00,3010.00,2295.00,3025.00,3069.00,3010.00,0.00,0.00,15.00,642.00
0.00,0.00,0.37,-0.01,-0.13,0.01,0.07,-0.16,0.00,0.08,0.00,0.00,0.00,0.00,1.00,-0.13,-0.16,0.00,0.00,2308.00,3032.00,3060.00,3008.00,2308.00,3032.00,3060.00,3008.00,0.00,0.00,15.00,978.00
0.00,0.00,0.37,0.01,-0.13,-0.01,-0.07,-0.16,-0.02,-0.07,0.00,0.00,0.00,0.00,1.00,-0.13,-0.16,0.00,0.00,2303.00,3033.00,3069.00,3006.00,2303.00,3033.00,3069.00,3006.00,0.00,0.00,16.00,31.00
0.00,0.00,0.37,0.01,-0.13,-0.01,-0.07,-0.16,0.01,0.12,0.00,0.00,0.00,0.00,1.00,-0.13,-0.16,0.00,0.00,2296.00,3021.00,3055.00,3020.00,2291.00,3030.00,3055.00,3020.00,0.00,0.00,16.00,88.00
0.00,0.00,0.37,-0.06,-0.13,0.01,0.05,-0.16,-0.01,-0.01,0.00,0.00,0.00,0.00,1.00,-0.13,-0.16,0.00,0.00,2294.00,3030.00,3065.00,3010.00,2294.00,3030.00,3065.00,3010.00,0.00,0.00,16.00,142.00
0.00,0.00,0.37,0.02,-0.13,-0.00,0.01,-0.16,-0.01,-0.06,0.00,0.00,0.00,0.00,1.00,-0.13,-0.16,0.00,0.00,2296.00,3046.00,3072.00,3011.00,2296.00,3046.00,3072.00,3011.00,0.00,0.00,16.00,199.00
0.00,0.00,0.37,0.02,-0.13,0.01,0.05,-0.16,-0.02,-0.11,0.00,0.00,0.00,0.00,1.00,-0.13,-0.16,0.00,0.00,2307.00,3031.00,3068.00,3001.00,2307.00,3031.00,3068.00,3001.00,0.00,0.00,16.00,254.00
0.00,0.00,0.37,0.02,-0.13,0.00,0.07,-0.16,0.01,0.07,0.00,0.00,0.00,0.00,1.00,-0.13,-0.16,0.00,0.00,2296.00,3032.00,3066.00,3013.00,2297.00,3032.00,3066.00,3026.00,0.00,0.00,16.00,308.00
0.00,0.00,0.37,-0.02,-0.13,0.02,0.05,-0.17,-0.02,-0.11,0.00,0.00,0.00,0.00,1.00,-0.13,-0.16,0.00,0.00,2296.00,3033.00,3058.00,3023.00,2296.00,3033.00,3058.00,3023.00,0.00,0.00,16.00,364.00
0.00,0.00,0.36,-0.02,-0.13,-0.00,-0.01,-0.17,-0.02,-0.11,0.00,0.00,0.00,0.00,1.00,-0.13,-0.16,0.00,0.00,2296.00,3045.00,3067.00,3013.00,2296.00,3045.00,3067.00,3013.00,0.00,0.00,16.00,421.00
0.00,0.00,0.36,-0.01,-0.13,-0.01,-0.06,-0.17,-0.01,0.02,0.00,0.00,0.00,0.00,1.00,-0.13,-0.17,0.00,0.00,2293.00,3048.00,3068.00,3010.00,2293.00,3048.00,3068.00,3010.00,0.00,0.00,16.00,477.00
0.00,0.00,0.36,-0.06,-0.13,0.01,0.03,-0.17,-0.02,-0.04,0.00,0.00,0.00,0.00,1.00,-0.13,-0.17,0.00,0.00,2294.00,3032.00,3068.00,3013.00,2298.00,3032.00,3071.00,3011.00,0.00,0.00,16.00,532.00
0.00,0.00,0.36,-0.06,-0.13,-0.00,-0.00,-0.17,-0.01,-0.02,0.00,0.00,0.00,0.00,1.00,-0.13,-0.17,0.00,0.00,2295.00,3032.00,3068.00,3012.00,2295.00,3032.00,3068.00,3012.00,0.00,0.00,16.00,591.00
0.00,0.00,0.37,0.07,-0.13,-0.01,-0.04,-0.17,-0.02,-0.03,0.00,0.00,0.00,0.00,1.00,-0.13,-0.17,0.00,0.00,2287.00,3029.00,3059.00,3018.00,2287.00,3029.00,3059.00,3018.00,0.00,0.00,16.00,647.00
0.00,0.00,0.37,0.07,-0.13,-0.01,-0.03,-0.17,-0.01,0.07,0.00,0.00,0.00,0.00,1.00,-0.13,-0.17,0.00,0.00,2301.00,3029.00,3067.00,3011.00,2301.00,3029.00,3067.00,3011.00,0.00,0.00,16.00,704.00
0.00,0.00,0.36,-0.02,-0.14,-0.02,-0.08,-0.17,-0.00,0.05,0.00,0.00,0.00,0.00,1.00,-0.13,-0.17,0.00,0.00,2297.00,3068.00,3068.00,3018.00,2292.00,3068.00,3055.00,3018.00,0.00,0.00,16.00,761.00
0.00,0.00,0.36,-0.02,-0.14,-0.01,0.00,-0.17,0.00,0.08,0.00,0.00,0.00,0.00,1.00,-0.13,-0.17,0.00,0.00,2300.00,3034.00,3063.00,3014.00,2300.00,3034.00,3063.00,3014.00,0.00,0.00,16.00,817.00
0.00,0.00,0.37,0.02,-0.14,-0.00,0.07,-0.17,-0.01,-0.04,0.00,0.00,0.00,0.00,1.00,-0.14,-0.17,0.00,0.00,2294.00,3030.00,3067.00,3011.00,2294.00,3030.00,3067.00,3011.00,0.00,0.00,16.00,874.00
0.00,0.00,0.37,0.02,-0.14,-0.02,-0.06,-0.17,-0.02,-0.06,0.00,0.00,0.00,0.00,1.00,-0.14,-0.17,0.00,0.00,2285.00,3024.00,3080.00,3014.00,2285.00,3024.00,3080.00,3014.00,0.00,0.00,16.00,931.00
0.00,0.00,0.37,0.02,-0.14,-0.01,-0.02,-0.17,-0.00,-0.01,0.00,0.00,0.00,0.00,1.00,-0.14,-0.17,0.00,0.00,2296.00,3032.00,3058.00,3020.00,2298.00,3055.00,3055.00,3027.00,0.00,0.00,16.00,987.00
0.00,0.00,0.37,-0.01,-0.14,-0.01,0.01,-0.17,-0.01,0.04,0.00,0.00,0.00,0.00,1.00,-0.14,-0.17,0.00,0.00,2308.00,3033.00,3068.00,2999.00,2308.00,3033.00,3068.00,2999.00,0.00,0.00,17.00,43.00
0.00,0.00,0.37,-0.02,-0.14,-0.03,-0.08,-0.17,-0.01,0.02,0.00,0.00,0.00,0.00,1.00,-0.14,-0.17,0.00,0.00,2296.00,3023.00,3078.00,3012.00,2296.00,3023.00,3078.00,3012.00,0.00,0.00,17.00,381.00
0.00,0.00,0.37,-0.02,-0.14,-0.00,0.02,-0.17,-0.00,0.09,0.00,0.00,0.00,0.00,1.00,-0.14,-0.17,0.00,0.00,2297.00,3033.00,3068.00,3013.00,2297.00,3033.00,3068.00,3013.00,0.00,0.00,17.00,438.00
0.00,0.00,0.37,0.00,-0.14,-0.00,0.08,-0.17,-0.01,-0.03,0.00,0.00,0.00,0.00,1.00,-0.14,-0.17,0.00,0.00,2284.00,3029.00,3066.00,3013.00,2284.00,3029.00,3066.00,3013.00,0.00,0.00,17.00,494.00
0.00,0.00,0.37,0.00,-0.14,0.02,0.12,-0.17,-0.01,0.04,0.00,0.00,0.00,0.00,1.00,-0.14,-0.17,0.00,0.00,2297.00,3032.00,3065.00,3015.00,2297.00,3032.00,3065.00,3015.00,0.00,0.00,17.00,551.00
0.00,0.00,0.37,0.00,-0.14,-0.00,0.04,-0.17,0.01,0.18,0.00,0.00,0.00,0.00,1.00,-0.14,-0.17,0.00,0.00,2296.00,3029.00,3066.00,3012.00,2296.00,3029.00,3066.00,3012.00,0.00,0.00,17.00,604.00
0.00,0.00,0.36,-0.04,-0.14,0.01,0.02,-0.17,-0.00,0.05,0.00,0.00,0.00,0.00,1.00,-0.14,-0.17,0.00,0.00,2307.00,3032.00,3057.00,3008.00,2293.00,3032.00,3068.00,2989.00,0.00,0.00,17.00,661.00
0.00,0.00,0.36,-0.04,-0.14,-0.01,-0.12,-0.18,-0.01,-0.03,0.00,0.00,0.00,0.00,1.00,-0.14,-0.17,0.00,0.00,2296.00,3029.00,3068.00,3012.00,2296.00,3029.00,3068.00,3012.00,0.00,0.00,17.00,715.00
0.00,0.00,0.37,0.05,-0.14,-0.00,-0.04,-0.18,-0.02,-0.14,0.00,0.00,0.00,0.00,1.00,-0.14,-0.18,0.00,0.00,2293.00,3041.00,3066.00,3010.00,2293.00,3041.00,3066.00,3010.00,0.00,0.00,17.00,772.00
0.00,0.00,0.37,0.05,-0.14,0.00,0.01,-0.18,-0.02,-0.06,0.00,0.00,0.00,0.00,1.00,-0.14,-0.18,0.00,0.00,2306.00,3030.00,3077.00,3005.00,2306.00,3021.00,3077.00,3005.00,0.00,0.00,17.00,829.00
0.00,0.00,0.36,-0.04,-0.14,-0.00,0.03,-0.18,0.00,0.14,0.00,0.00,0.00,0.00,1.00,-0.14,-0.18,0.00,0.00,2296.00,3035.00,3059.00,3023.00,2296.00,3035.00,3059.00,3023.00,0.00,0.00,17.00,883.00
0.00,0.00,0.36,-0.04,-0.14,-0.04,-0.23,-0.18,0.00,0.14,0.00,0.00,0.00,0.00,1.00,-0.14,-0.18,0.00,0.00,2306.00,3032.00,3067.00,3002.00,2306.00,3032.00,3067.00,3002.00,0.00,0.00,17.00,937.00
0.00,0.00,0.37,0.03,-0.14,-0.01,-0.02,-0.18,-0.00,-0.03,0.00,0.00,0.00,0.00,1.00,-0.14,-0.18,0.00,0.00,2294.00,3043.00,3069.00,3012.00,2294.00,3043.00,3069.00,3012.00,0.00,0.00,17.00,993.00
0.00,0.00,0.37,0.03,-0.14,-0.01,0.08,-0.18,-0.01,-0.05,0.00,0.00,0.00,0.00,1.00,-0.14,-0.18,0.00,0.00,2301.00,3030.00,3065.00,3009.00,2296.00,3036.00,3065.00,3009.00,0.00,0.00,18.00,48.00
0.00,0.00,0.37,0.00,-0.14,-0.01,0.05,-0.18,-0.01,-0.05,0.00,0.00,0.00,0.00,1.00,-0.14,-0.18,0.00,0.00,2295.00,3017.00,3082.00,3010.00,2295.00,3017.00,3082.00,3010.00,0.00,0.00,18.00,105.00
0.00,0.00,0.37,0.01,-0.14,-0.02,-0.05,-0.18,-0.01,-0.04,0.00,0.00,0.00,0.00,1.00,-0.14,-0.18,0.00,0.00,2296.00,3033.00,3065.00,3011.00,2296.00,3033.00,3065.00,3011.00,0.00,0.00,18.00,162.00
0.00,0.00,0.37,0.01,-0.15,-0.03,-0.07,-0.18,-0.00,0.02,0.00,0.00,0.00,0.00,1.00,-0.14,-0.18,0.00,0.00,2296.00,3030.00,3065.00,3013.00,2296.00,3030.00,3065.00,3013.00,0.00,0.00,18.00,219.00
0.00,0.00,0.37,0.01,-0.15,-0.03,-0.10,-0.18,-0.01,0.00,0.00,0.00,0.00,0.00,1.00,-0.15,-0.18,0.00,0.00,2297.00,3032.00,3070.00,3011.00,2293.00,3032.00,3070.00,3011.00,0.00,0.00,18.00,274.00
0.00,0.00,0.37,0.00,-0.15,-0.01,0.02,-0.18,-0.01,-0.02,0.00,0.00,0.00,0.00,1.00,-0.15,-0.18,0.00,0.00,2297.00,3031.00,3070.00,3009.00,2297.00,3031.00,3070.00,3009.00,0.00,0.00,18.00,333.00
0.00,0.00,0.37,-0.01,-0.15,-0.00,0.10,-0.18,-0.02,-0.10,0.00,0.00,0.00,0.00,1.00,-0.15,-0.18,0.00,0.00,2264.00,3029.00,3070.00,3013.00,2264.00,3029.00,3070.00,3013.00,0.00,0.00,18.00,389.00
0.00,0.00,0.37,-0.01,-0.15,0.01,0.20,-0.18,-0.02,-0.09,0.00,0.00,0.00,0.00,1.00,-0.15,-0.18,0.00,0.00,2298.00,3029.00,3068.00,3005.00,2298.00,3029.00,3068.00,3005.00,0.00,0.00,18.00,446.00
00.00,0.00,0.37,0.00,-0.15,-0.01,0.09,-0.18,-0.02,-0.03,0.00,0.00,0.00,0.00,1.00,-0.15,-0.18,0.00,0.00,2286.00,3029.00,3066.00,3009.00,2286.00,3029.00,3066.00,3009.00,0.00,0.00,18.00,729.00
0.00,0.00,0.36,-0.06,-0.15,0.00,0.08,-0.19,-0.03,-0.11,0.00,0.00,0.00,0.00,1.00,-0.15,-0.18,0.00,0.00,2285.00,3031.00,3069.00,3022.00,2288.00,3032.00,3059.00,3022.00,0.00,0.00,18.00,786.00
0.00,0.00,0.36,-0.06,-0.15,-0.01,0.05,-0.19,-0.02,-0.03,0.00,0.00,0.00,0.00,1.00,-0.15,-0.18,0.00,0.00,2296.00,3034.00,3060.00,3018.00,2296.00,3034.00,3060.00,3018.00,0.00,0.00,18.00,842.00
0.00,0.00,0.37,0.04,-0.15,0.00,0.04,-0.19,-0.02,-0.04,0.00,0.00,0.00,0.00,1.00,-0.15,-0.19,0.00,0.00,2298.00,3034.00,3061.00,3017.00,2298.00,3034.00,3061.00,3017.00,0.00,0.00,18.00,899.00
0.00,0.00,0.37,0.04,-0.15,0.00,0.03,-0.19,-0.02,0.04,0.00,0.00,0.00,0.00,1.00,-0.15,-0.19,0.00,0.00,2296.00,3031.00,3070.00,3013.00,2296.00,3031.00,3070.00,3013.00,0.00,0.00,18.00,953.00
0.00,0.00,0.36,-0.02,-0.15,0.01,0.13,-0.19,-0.01,0.07,0.00,0.00,0.00,0.00,1.00,-0.15,-0.19,0.00,0.00,2300.00,3062.00,3070.00,3006.00,2300.00,3062.00,3070.00,3006.00,0.00,0.00,19.00,6.00
0.00,0.00,0.36,-0.02,-0.15,0.00,0.01,-0.19,-0.01,0.07,0.00,0.00,0.00,0.00,1.00,-0.15,-0.19,0.00,0.00,2288.00,3032.00,3068.00,3011.00,2288.00,3032.00,3068.00,3011.00,0.00,0.00,19.00,60.00
0.00,0.00,0.37,0.06,-0.15,-0.02,-0.14,-0.19,-0.01,0.04,0.00,0.00,0.00,0.00,1.00,-0.15,-0.19,0.00,0.00,2296.00,3039.00,3069.00,3011.00,2296.00,3039.00,3069.00,3011.00,0.00,0.00,19.00,113.00
0.00,0.00,0.37,-0.02,-0.15,-0.00,-0.05,-0.19,-0.01,0.03,0.00,0.00,0.00,0.00,1.00,-0.15,-0.19,0.00,0.00,2287.00,3022.00,3049.00,3037.00,2287.00,3022.00,3049.00,3037.00,0.00,0.00,19.00,170.00
0.00,0.00,0.37,-0.02,-0.15,-0.00,0.03,-0.19,-0.01,0.01,0.00,0.00,0.00,0.00,1.00,-0.15,-0.19,0.00,0.00,2295.00,3030.00,3061.00,3019.00,2295.00,3030.00,3061.00,3019.00,0.00,0.00,19.00,227.00
0.00,0.00,0.37,-0.01,-0.15,0.01,0.09,-0.19,-0.02,-0.05,0.00,0.00,0.00,0.00,1.00,-0.15,-0.19,0.00,0.00,2296.00,3032.00,3068.00,3014.00,2296.00,3032.00,3068.00,3014.00,0.00,0.00,19.00,284.00
0.00,0.00,0.37,-0.01,-0.15,-0.00,-0.01,-0.19,-0.01,-0.02,0.00,0.00,0.00,0.00,1.00,-0.15,-0.19,0.00,0.00,2305.00,3033.00,3059.00,3009.00,2305.00,3033.00,3059.00,3009.00,0.00,0.00,19.00,341.00
0.00,0.00,0.37,0.01,-0.15,-0.01,-0.06,-0.19,-0.01,0.02,0.00,0.00,0.00,0.00,1.00,-0.15,-0.19,0.00,0.00,2297.00,3028.00,3074.00,3020.00,2296.00,3028.00,3066.00,3020.00,0.00,0.00,19.00,398.00
0.00,0.00,0.37,0.01,-0.15,-0.02,-0.09,-0.19,-0.01,-0.02,0.00,0.00,0.00,0.00,1.00,-0.15,-0.19,0.00,0.00,2296.00,3033.00,3068.00,3014.00,2296.00,3033.00,3068.00,3014.00,0.00,0.00,19.00,454.00
0.00,0.00,0.37,0.01,-0.15,-0.01,-0.06,-0.19,-0.00,0.06,0.00,0.00,0.00,0.00,1.00,-0.15,-0.19,0.00,0.00,2296.00,3036.00,3068.00,3014.00,2296.00,3036.00,3068.00,3014.00,0.00,0.00,19.00,511.00
0.00,0.00,0.37,0.01,-0.15,-0.03,-0.11,-0.19,0.00,0.11,0.00,0.00,0.00,0.00,1.00,-0.15,-0.19,0.00,0.00,2306.00,3032.00,3071.00,3000.00,2306.00,3032.00,3071.00,3000.00,0.00,0.00,19.00,568.00
0.00,0.00,0.56,1.47,-0.15,0.00,0.09,-0.19,-0.00,-0.04,0.00,0.00,0.00,0.00,1.00,-0.15,-0.19,0.00,0.00,2299.00,3037.00,3068.00,3003.00,2290.00,3037.00,3068.00,3013.00,0.00,0.00,19.00,622.00
0.00,0.00,0.62,1.47,-0.15,-0.00,0.11,-0.19,0.01,0.12,0.00,0.00,0.00,0.00,1.00,-0.15,-0.19,0.00,0.00,2284.00,3024.00,3078.00,3011.00,2284.00,3024.00,3078.00,3011.00,0.00,0.00,19.00,676.00
0.00,0.00,0.32,-1.49,-0.15,-0.00,0.06,-0.19,0.02,0.14,0.00,0.00,0.00,0.00,1.00,-0.15,-0.19,0.00,0.00,2288.00,3023.00,3076.00,3010.00,2288.00,3023.00,3076.00,3010.00,0.00,0.00,19.00,728.00
0.00,0.00,0.26,-1.49,-0.15,-0.00,0.01,-0.19,0.01,0.01,0.00,0.00,0.00,0.00,1.00,-0.15,-0.19,0.00,0.00,2286.00,3028.00,3067.00,3011.00,2286.00,3028.00,3067.00,3012.00,0.00,0.00,19.00,784.00
0.00,0.00,0.37,0.00,-0.15,-0.00,-0.03,-0.19,0.00,-0.06,0.00,0.00,0.00,0.00,1.00,-0.15,-0.19,0.00,0.00,2285.00,3030.00,3068.00,3012.00,2285.00,3030.00,3068.00,3012.00,0.00,0.00,19.00,838.00
0.00,0.00,0.36,-0.05,-0.15,0.00,0.02,-0.20,-0.00,0.05,0.00,0.00,0.00,0.00,1.00,-0.15,-0.20,0.00,0.00,2295.00,3033.00,3066.00,3010.00,2295.00,3033.00,3066.00,3010.00,0.00,0.00,20.00,172.00
0.00,0.00,0.36,0.00,-0.15,-0.01,-0.03,-0.20,-0.01,-0.03,0.00,0.00,0.00,0.00,1.00,-0.15,-0.20,0.00,0.00,2303.00,3030.00,3065.00,3008.00,2303.00,3030.00,3065.00,3008.00,0.00,0.00,20.00,225.00
0.00,0.00,0.36,0.00,-0.16,-0.01,-0.10,-0.20,0.00,0.08,0.00,0.00,0.00,0.00,1.00,-0.16,-0.20,0.00,0.00,2296.00,3025.00,3078.00,3010.00,2296.00,3025.00,3078.00,3010.00,0.00,0.00,20.00,282.00
0.00,0.00,0.36,-0.02,-0.16,-0.00,0.03,-0.20,-0.01,-0.05,0.00,0.00,0.00,0.00,1.00,-0.16,-0.20,0.00,0.00,2297.00,3031.00,3067.00,3012.00,2297.00,3031.00,3067.00,3012.00,0.00,0.00,20.00,335.00
0.00,0.00,0.36,-0.02,-0.16,-0.03,-0.16,-0.20,-0.00,0.07,0.00,0.00,0.00,0.00,1.00,-0.16,-0.20,0.00,0.00,2288.00,3052.00,3077.00,3013.00,2288.00,3052.00,3077.00,3013.00,0.00,0.00,20.00,392.00
0.00,0.00,0.36,0.00,-0.16,-0.01,-0.03,-0.20,-0.02,-0.13,0.00,0.00,0.00,0.00,1.00,-0.16,-0.20,0.00,0.00,2296.00,3030.00,3069.00,3011.00,2296.00,3030.00,3069.00,3011.00,0.00,0.00,20.00,449.00
0.00,0.00,0.36,0.02,-0.16,-0.00,0.07,-0.20,-0.01,-0.06,0.00,0.00,0.00,0.00,1.00,-0.16,-0.20,0.00,0.00,2284.00,3051.00,3057.00,3028.00,2284.00,3051.00,3057.00,3028.00,0.00,0.00,20.00,505.00
0.00,0.00,0.36,0.02,-0.16,-0.01,0.01,-0.20,-0.02,-0.07,0.00,0.00,0.00,0.00,1.00,-0.16,-0.20,0.00,0.00,2297.00,3034.00,3061.00,3016.00,2294.00,3034.00,3061.00,3031.00,0.00,0.00,20.00,562.00
0.00,0.00,0.36,0.01,-0.16,-0.03,-0.13,-0.20,-0.01,0.05,0.00,0.00,0.00,0.00,1.00,-0.16,-0.20,0.00,0.00,2298.00,3031.00,3067.00,3010.00,2298.00,3031.00,3067.00,3010.00,0.00,0.00,20.00,617.00
0.00,0.00,0.36,0.01,-0.16,-0.03,-0.11,-0.20,0.01,0.19,0.00,0.00,0.00,0.00,1.00,-0.16,-0.20,0.00,0.00,2296.00,3040.00,3068.00,3009.00,2296.00,3040.00,3068.00,3009.00,0.00,0.00,20.00,674.00
0.00,0.00,0.36,-0.03,-0.16,-0.03,-0.12,-0.20,-0.00,0.06,0.00,0.00,0.00,0.00,1.00,-0.16,-0.20,0.00,0.00,2304.00,3033.00,3068.00,3009.00,2296.00,3033.00,3068.00,3009.00,0.00,0.00,20.00,727.00
0.00,0.00,0.36,-0.03,-0.16,-0.00,0.09,-0.20,-0.01,-0.04,0.00,0.00,0.00,0.00,1.00,-0.16,-0.20,0.00,0.00,2303.00,3032.00,3068.00,3003.00,2303.00,3032.00,3068.00,3003.00,0.00,0.00,20.00,784.00
0.00,0.00,0.37,0.06,-0.16,0.00,0.19,-0.20,-0.03,-0.20,0.00,0.00,0.00,0.00,1.00,-0.16,-0.20,0.00,0.00,2294.00,3032.00,3069.00,3009.00,2294.00,3032.00,3069.00,3009.00,0.00,0.00,20.00,839.00
0.00,0.00,0.37,0.06,-0.16,-0.01,0.06,-0.20,-0.00,0.05,0.00,0.00,0.00,0.00,1.00,-0.16,-0.20,0.00,0.00,2296.00,3019.00,3078.00,3011.00,2296.00,3019.00,3078.00,3011.00,0.00,0.00,20.00,894.00
0.00,0.00,0.36,-0.02,-0.16,-0.00,0.03,-0.20,-0.01,0.06,0.00,0.00,0.00,0.00,1.00,-0.16,-0.20,0.00,0.00,2304.00,3039.00,3066.00,3001.00,2306.00,3039.00,3066.00,2999.00,0.00,0.00,20.00,951.00
0.00,0.00,0.36,-0.02,-0.16,-0.01,-0.00,-0.20,0.00,0.09,0.00,0.00,0.00,0.00,1.00,-0.16,-0.20,0.00,0.00,2285.00,3033.00,3067.00,3010.00,2285.00,3033.00,3067.00,3010.00,0.00,0.00,21.00,6.00
0.00,0.00,0.36,0.00,-0.16,-0.01,-0.05,-0.20,-0.01,-0.00,0.00,0.00,0.00,0.00,1.00,-0.16,-0.20,0.00,0.00,2313.00,3036.00,3068.00,2994.00,2313.00,3036.00,3068.00,2994.00,0.00,0.00,21.00,60.00
0.00,0.00,0.36,0.00,-0.17,-0.01,-0.06,-0.20,-0.00,-0.04,0.00,0.00,0.00,0.00,1.00,-0.16,-0.20,0.00,0.00,2303.00,3031.00,3070.00,3004.00,2303.00,3031.00,3070.00,3004.00,0.00,0.00,21.00,117.00
0.00,0.00,0.36,0.00,-0.17,-0.00,0.09,-0.20,-0.00,0.02,0.00,0.00,0.00,0.00,1.00,-0.16,-0.20,0.00,0.00,2292.00,3031.00,3066.00,3013.00,2292.00,3031.00,3066.00,3013.00,0.00,0.00,21.00,174.00
0.00,0.00,0.37,0.02,-0.17,-0.01,-0.02,-0.20,-0.01,-0.03,0.00,0.00,0.00,0.00,1.00,-0.17,-0.20,0.00,0.00,2296.00,3030.00,3065.00,3009.00,2296.00,3030.00,3065.00,3009.00,0.00,0.00,21.00,228.00
0.00,0.00,0.37,0.03,-0.16,0.00,-0.03,-0.21,-0.01,0.10,0.00,0.00,0.00,0.00,1.00,-0.16,-0.21,0.00,0.00,2304.00,3040.00,3067.00,3003.00,2304.00,3040.00,3067.00,3003.00,0.00,0.00,21.00,558.00
0.00,0.00,0.37,0.03,-0.16,-0.02,-0.17,-0.21,-0.01,0.01,0.00,0.00,0.00,0.00,1.00,-0.16,-0.21,0.00,0.00,2296.00,3033.00,3067.00,3013.00,2296.00,3033.00,3067.00,3013.00,0.00,0.00,21.00,612.00
0.00,0.00,0.37,0.01,-0.16,-0.01,-0.15,-0.21,-0.01,0.03,0.00,0.00,0.00,0.00,1.00,-0.16,-0.21,0.00,0.00,2296.00,3035.00,3067.00,3001.00,2301.00,3031.00,3067.00,3001.00,0.00,0.00,21.00,669.00
0.00,0.00,0.37,0.01,-0.17,-0.03,-0.14,-0.21,-0.00,0.08,0.00,0.00,0.00,0.00,1.00,-0.17,-0.21,0.00,0.00,2294.00,3029.00,3065.00,3010.00,2294.00,3029.00,3065.00,3010.00,0.00,0.00,21.00,726.00
0.00,0.00,0.37,0.00,-0.17,-0.02,-0.05,-0.21,-0.01,-0.05,0.00,0.00,0.00,0.00,1.00,-0.17,-0.21,0.00,0.00,2297.00,3028.00,3066.00,3004.00,2297.00,3028.00,3066.00,3004.00,0.00,0.00,21.00,782.00
0.00,0.00,0.37,-0.04,-0.17,-0.01,-0.01,-0.21,-0.01,-0.00,0.00,0.00,0.00,0.00,1.00,-0.17,-0.21,0.00,0.00,2295.00,3033.00,3070.00,3009.00,2295.00,3033.00,3070.00,3009.00,0.00,0.00,21.00,839.00
0.00,0.00,0.36,-0.04,-0.17,-0.01,0.03,-0.21,-0.00,0.05,0.00,0.00,0.00,0.00,1.00,-0.17,-0.21,0.00,0.00,2285.00,3031.00,3069.00,3013.00,2285.00,3031.00,3069.00,3013.00,0.00,0.00,21.00,896.00
0.00,0.00,0.37,0.00,-0.17,-0.02,-0.03,-0.21,-0.01,-0.02,0.00,0.00,0.00,0.00,1.00,-0.17,-0.21,0.00,0.00,2293.00,3053.00,3073.00,3007.00,2296.00,3053.00,3075.00,3011.00,0.00,0.00,21.00,953.00
0.00,0.00,0.37,0.00,-0.17,-0.04,-0.17,-0.21,-0.02,-0.07,0.00,0.00,0.00,0.00,1.00,-0.17,-0.21,0.00,0.00,2295.00,3023.00,3078.00,3011.00,2295.00,3023.00,3078.00,3011.00,0.00,0.00,22.00,8.00
0.00,0.00,0.36,-0.02,-0.17,0.00,0.13,-0.21,-0.02,-0.11,0.00,0.00,0.00,0.00,1.00,-0.17,-0.21,0.00,0.00,2295.00,3032.00,3068.00,3014.00,2295.00,3032.00,3068.00,3014.00,0.00,0.00,22.00,61.00
0.00,0.00,0.36,-0.02,-0.17,-0.01,0.13,-0.21,-0.02,-0.02,0.00,0.00,0.00,0.00,1.00,-0.17,-0.21,0.00,0.00,2301.00,3043.00,3064.00,3009.00,2301.00,3043.00,3064.00,3009.00,0.00,0.00,22.00,118.00
0.00,0.00,0.37,0.02,-0.17,0.01,0.13,-0.22,-0.02,0.01,0.00,0.00,0.00,0.00,1.00,-0.17,-0.21,0.00,0.00,2294.00,3041.00,3067.00,3012.00,2294.00,3041.00,3067.00,3012.00,0.00,0.00,22.00,175.00
0.00,0.00,0.37,0.02,-0.17,-0.01,-0.02,-0.22,-0.01,0.07,0.00,0.00,0.00,0.00,1.00,-0.17,-0.21,0.00,0.00,2295.00,3031.00,3070.00,3010.00,2295.00,3031.00,3070.00,3010.00,0.00,0.00,22.00,229.00
0.00,0.00,0.36,-0.02,-0.17,-0.02,-0.10,-0.22,-0.01,0.04,0.00,0.00,0.00,0.00,1.00,-0.17,-0.22,0.00,0.00,2287.00,3031.00,3139.00,3022.00,2287.00,3031.00,3139.00,3022.00,0.00,0.00,22.00,285.00
0.00,0.00,0.36,-0.02,-0.17,-0.02,-0.07,-0.22,-0.03,-0.18,0.00,0.00,0.00,0.00,1.00,-0.17,-0.22,0.00,0.00,2296.00,3031.00,3063.00,3017.00,2296.00,3031.00,3067.00,3017.00,0.00,0.00,22.00,342.00
0.00,0.00,0.36,-0.02,-0.17,-0.02,0.04,-0.22,-0.02,-0.10,0.00,0.00,0.00,0.00,1.00,-0.17,-0.22,0.00,0.00,2294.00,3032.00,3069.00,3008.00,2294.00,3032.00,3069.00,3008.00,0.00,0.00,22.00,399.00
0.00,0.00,0.37,0.04,-0.18,-0.01,-0.00,-0.22,-0.01,0.10,0.00,0.00,0.00,0.00,1.00,-0.17,-0.22,0.00,0.00,2281.00,3035.00,3062.00,3015.00,2281.00,3035.00,3062.00,3015.00,0.00,0.00,22.00,454.00
0.00,0.00,0.37,0.04,-0.18,-0.02,-0.05,-0.22,-0.00,0.16,0.00,0.00,0.00,0.00,1.00,-0.17,-0.22,0.00,0.00,2295.00,3030.00,3067.00,3008.00,2295.00,3030.00,3067.00,3008.00,0.00,0.00,22.00,513.00
0.00,0.00,0.37,0.00,-0.18,0.00,0.08,-0.22,-0.00,0.12,0.00,0.00,0.00,0.00,1.00,-0.18,-0.22,0.00,0.00,2285.00,3034.00,3153.00,3012.00,2285.00,3030.00,3153.00,3012.00,0.00,0.00,22.00,568.00
0.00,0.00,0.37,0.00,-0.18,0.00,0.15,-0.22,-0.00,0.04,0.00,0.00,0.00,0.00,1.00,-0.18,-0.22,0.00,0.00,2296.00,3029.00,3066.00,3012.00,2296.00,3029.00,3066.00,3012.00,0.00,0.00,22.00,624.00
0.00,0.00,0.37,0.00,-0.18,-0.01,0.00,-0.22,-0.00,-0.04,0.00,0.00,0.00,0.00,1.00,-0.18,-0.22,0.00,0.00,2295.00,3045.00,3079.00,3013.00,2295.00,3045.00,3079.00,3013.00,0.00,0.00,22.00,961.00
0.00,0.00,0.37,0.00,-0.18,-0.01,-0.01,-0.22,0.00,0.06,0.00,0.00,0.00,0.00,1.00,-0.18,-0.22,0.00,0.00,2295.00,3027.00,3067.00,3019.00,2295.00,3023.00,3067.00,3019.00,0.00,0.00,23.00,17.00
0.00,0.00,0.37,0.00,-0.18,-0.01,-0.01,-0.22,-0.01,-0.07,0.00,0.00,0.00,0.00,1.00,-0.18,-0.22,0.00,0.00,2294.00,3057.00,3070.00,3013.00,2294.00,3057.00,3070.00,3013.00,0.00,0.00,23.00,71.00
0.00,0.00,0.37,0.00,-0.18,-0.02,-0.05,-0.22,-0.00,0.01,0.00,0.00,0.00,0.00,1.00,-0.18,-0.22,0.00,0.00,2293.00,3029.00,3060.00,3016.00,2293.00,3029.00,3060.00,3016.00,0.00,0.00,23.00,128.00
0.00,0.00,0.37,0.05,-0.18,-0.03,-0.06,-0.22,-0.01,-0.06,0.00,0.00,0.00,0.00,1.00,-0.18,-0.22,0.00,0.00,2295.00,3035.00,3068.00,3010.00,2295.00,3035.00,3068.00,3010.00,0.00,0.00,23.00,185.00
0.00,0.00,0.38,0.05,-0.18,-0.03,-0.06,-0.22,-0.00,0.05,0.00,0.00,0.00,0.00,1.00,-0.18,-0.22,0.00,0.00,2296.00,3038.00,3067.00,3009.00,2293.00,3038.00,3067.00,3009.00,0.00,0.00,23.00,242.00
0.00,0.00,0.37,0.00,-0.18,-0.02,-0.01,-0.22,-0.01,0.01,0.00,0.00,0.00,0.00,1.00,-0.18,-0.22,0.00,0.00,2324.00,3029.00,3068.00,2980.00,2295.00,3029.00,3069.00,3010.00,0.00,0.00,23.00,297.00
0.00,0.00,0.37,-0.06,-0.18,-0.01,0.09,-0.22,-0.00,0.05,0.00,0.00,0.00,0.00,1.00,-0.18,-0.22,0.00,0.00,2296.00,3032.00,3065.00,3018.00,2296.00,3032.00,3065.00,3018.00,0.00,0.00,23.00,355.00
0.00,0.00,0.36,-0.06,-0.19,-0.01,0.07,-0.22,-0.01,-0.03,0.00,0.00,0.00,0.00,1.00,-0.18,-0.22,0.00,0.00,2296.00,3030.00,3067.00,3011.00,2296.00,3030.00,3067.00,3011.00,0.00,0.00,23.00,412.00
0.00,0.00,0.37,0.05,-0.19,-0.02,-0.05,-0.22,-0.01,-0.00,0.00,0.00,0.00,0.00,1.00,-0.19,-0.22,0.00,0.00,2304.00,3038.00,3071.00,3003.00,2304.00,3038.00,3071.00,3003.00,0.00,0.00,23.00,469.00
0.00,0.00,0.37,0.05,-0.19,-0.00,0.06,-0.22,-0.03,-0.15,0.00,0.00,0.00,0.00,1.00,-0.19,-0.22,0.00,0.00,2296.00,3028.00,3071.00,3013.00,2296.00,3028.00,3071.00,3008.00,0.00,0.00,23.00,526.00
0.00,0.00,0.37,-0.04,-0.19,0.01,0.10,-0.23,-0.03,-0.15,0.00,0.00,0.00,0.00,1.00,-0.19,-0.22,0.00,0.00,2293.00,3028.00,3065.00,3011.00,2293.00,3028.00,3065.00,3011.00,0.00,0.00,23.00,583.00
0.00,0.00,0.36,-0.04,-0.19,0.01,0.19,-0.23,-0.02,-0.07,0.00,0.00,0.00,0.00,1.00,-0.19,-0.23,0.00,0.00,2303.00,3042.00,3068.00,3004.00,2303.00,3042.00,3068.00,3004.00,0.00,0.00,23.00,639.00
0.00,0.00,0.37,0.05,-0.19,-0.02,-0.06,-0.23,-0.02,-0.02,0.00,0.00,0.00,0.00,1.00,-0.19,-0.23,0.00,0.00,2294.00,3005.00,3093.00,3011.00,2294.00,3005.00,3093.00,3011.00,0.00,0.00,23.00,696.00
0.00,0.00,0.38,0.05,-0.19,-0.03,-0.18,-0.23,0.00,0.20,0.00,0.00,0.00,0.00,1.00,-0.19,-0.23,0.00,0.00,2295.00,3057.00,3068.00,3012.00,2291.00,3057.00,3067.00,2999.00,0.00,0.00,23.00,752.00
0.00,0.00,0.37,0.00,-0.19,-0.01,-0.03,-0.23,-0.01,0.11,0.00,0.00,0.00,0.00,1.00,-0.19,-0.23,0.00,0.00,2295.00,3023.00,3076.00,3012.00,2295.00,3023.00,3076.00,3012.00,0.00,0.00,23.00,806.00
0.00,0.00,0.37,0.00,-0.19,-0.02,-0.03,-0.23,-0.00,0.06,0.00,0.00,0.00,0.00,1.00,-0.19,-0.23,0.00,0.00,2292.00,3026.00,3097.00,3013.00,2292.00,3026.00,3097.00,3013.00,0.00,0.00,23.00,863.00
0.00,0.00,0.36,-0.05,-0.19,-0.01,0.05,-0.23,-0.01,-0.07,0.00,0.00,0.00,0.00,1.00,-0.19,-0.23,0.00,0.00,2295.00,3007.00,3090.00,3009.00,2295.00,3007.00,3090.00,3009.00,0.00,0.00,23.00,920.00
0.00,0.00,0.37,0.05,-0.19,0.01,0.12,-0.23,-0.02,-0.09,0.00,0.00,0.00,0.00,1.00,-0.19,-0.23,0.00,0.00,2296.00,3030.00,3056.00,3011.00,2296.00,3040.00,3068.00,3011.00,0.00,0.00,23.00,975.00
0.00,0.00,0.37,0.05,-0.19,-0.00,0.07,-0.23,-0.02,-0.05,0.00,0.00,0.00,0.00,1.00,-0.19,-0.23,0.00,0.00,2296.00,3028.00,3074.00,3010.00,2296.00,3028.00,3074.00,3010.00,0.00,0.00,24.00,29.00
0.00,0.00,0.37,0.00,-0.20,-0.02,-0.11,-0.23,0.00,0.18,0.00,0.00,0.00,0.00,1.00,-0.19,-0.23,0.00,0.00,2294.00,3028.00,3070.00,3009.00,2294.00,3028.00,3070.00,3009.00,0.00,0.00,24.00,311.00
0.00,0.00,0.37,0.00,-0.20,-0.01,-0.01,-0.23,0.01,0.17,0.00,0.00,0.00,0.00,1.00,-0.19,-0.23,0.00,0.00,2296.00,3029.00,3065.00,3011.00,2296.00,3029.00,3068.00,3011.00,0.00,0.00,24.00,365.00
0.00,0.00,0.37,0.00,-0.20,0.00,0.12,-0.23,0.00,0.01,0.00,0.00,0.00,0.00,1.00,-0.19,-0.23,0.00,0.00,2295.00,3030.00,3067.00,3013.00,2295.00,3030.00,3067.00,3013.00,0.00,0.00,24.00,417.00
0.00,0.00,0.37,0.00,-0.20,-0.00,0.09,-0.23,-0.00,0.00,0.00,0.00,0.00,0.00,1.00,-0.20,-0.23,0.00,0.00,2294.00,3032.00,3063.00,3020.00,2294.00,3032.00,3063.00,3020.00,0.00,0.00,24.00,472.00
0.00,0.00,0.37,0.00,-0.20,-0.00,0.05,-0.23,-0.01,-0.13,0.00,0.00,0.00,0.00,1.00,-0.20,-0.23,0.00,0.00,2298.00,3034.00,3060.00,3024.00,2292.00,3034.00,3069.00,3006.00,0.00,0.00,24.00,528.00
0.00,0.00,0.37,0.02,-0.20,-0.01,-0.03,-0.23,-0.01,-0.05,0.00,0.00,0.00,0.00,1.00,-0.20,-0.23,0.00,0.00,2298.00,3029.00,3067.00,3010.00,2298.00,3029.00,3067.00,3010.00,0.00,0.00,24.00,584.00
0.00,0.00,0.37,0.02,-0.20,-0.01,-0.00,-0.23,-0.01,-0.03,0.00,0.00,0.00,0.00,1.00,-0.20,-0.23,0.00,0.00,2324.00,3033.00,3066.00,2981.00,2324.00,3033.00,3066.00,2981.00,0.00,0.00,24.00,641.00
0.00,0.00,0.37,-0.02,-0.20,-0.03,-0.14,-0.23,-0.00,0.08,0.00,0.00,0.00,0.00,1.00,-0.20,-0.23,0.00,0.00,2298.00,3032.00,3061.00,3016.00,2298.00,3032.00,3061.00,3016.00,0.00,0.00,24.00,698.00
0.00,0.00,0.37,-0.02,-0.20,-0.01,-0.05,-0.23,-0.00,0.06,0.00,0.00,0.00,0.00,1.00,-0.20,-0.23,0.00,0.00,2323.00,3035.00,3063.00,3013.00,2293.00,3035.00,3063.00,3013.00,0.00,0.00,24.00,755.00
0.00,0.00,0.37,-0.05,-0.20,0.01,0.18,-0.24,-0.03,-0.21,0.00,0.00,0.00,0.00,1.00,-0.20,-0.23,0.00,0.00,2297.00,3031.00,3068.00,3013.00,2297.00,3031.00,3068.00,3013.00,0.00,0.00,24.00,811.00
0.00,0.00,0.36,-0.05,-0.20,0.00,0.06,-0.24,-0.00,0.07,0.00,0.00,0.00,0.00,1.00,-0.20,-0.24,0.00,0.00,2294.00,3029.00,3066.00,3013.00,2294.00,3029.00,3066.00,3013.00,0.00,0.00,24.00,868.00
0.00,0.00,0.38,0.10,-0.20,0.00,0.03,-0.24,-0.01,-0.03,0.00,0.00,0.00,0.00,1.00,-0.20,-0.24,0.00,0.00,2295.00,3043.00,3067.00,3009.00,2295.00,3043.00,3067.00,3009.00,0.00,0.00,24.00,922.00
0.00,0.00,0.38,0.10,-0.20,-0.00,-0.00,-0.24,-0.01,0.10,0.00,0.00,0.00,0.00,1.00,-0.20,-0.24,0.00,0.00,2296.00,3031.00,3068.00,3012.00,2296.00,3031.00,3068.00,3012.00,0.00,0.00,24.00,976.00
0.00,0.00,0.37,-0.05,-0.20,-0.01,-0.06,-0.24,-0.01,0.04,0.00,0.00,0.00,0.00,1.00,-0.20,-0.24,0.00,0.00,2296.00,3033.00,3056.00,3025.00,2296.00,3033.00,3056.00,3025.00,0.00,0.00,25.00,32.00
0.00,0.00,0.37,-0.05,-0.20,-0.01,-0.10,-0.24,-0.02,-0.05,0.00,0.00,0.00,0.00,1.00,-0.20,-0.24,0.00,0.00,2297.00,3042.00,3070.00,3010.00,2297.00,3042.00,3070.00,3010.00,0.00,0.00,25.00,89.00
0.00,0.00,0.37,0.00,-0.20,0.01,0.10,-0.24,-0.01,-0.07,0.00,0.00,0.00,0.00,1.00,-0.20,-0.24,0.00,0.00,2296.00,3032.00,3063.00,3019.00,2296.00,3032.00,3063.00,3019.00,0.00,0.00,25.00,146.00
0.00,0.00,0.37,0.00,-0.20,-0.00,0.01,-0.24,-0.02,-0.08,0.00,0.00,0.00,0.00,1.00,-0.20,-0.24,0.00,0.00,2296.00,3139.00,3056.00,3133.00,2296.00,3139.00,3056.00,3133.00,0.00,0.00,25.00,200.00
0.00,0.00,0.37,0.02,-0.20,-0.02,-0.09,-0.24,0.01,0.18,0.00,0.00,0.00,0.00,1.00,-0.20,-0.24,0.00,0.00,2295.00,3060.00,3054.00,3024.00,2295.00,3060.00,3054.00,3024.00,0.00,0.00,25.00,257.00
0.00,0.00,0.37,-0.02,-0.20,-0.01,-0.07,-0.24,-0.00,0.13,0.00,0.00,0.00,0.00,1.00,-0.20,-0.24,0.00,0.00,2305.00,3033.00,3068.00,3001.00,2305.00,3033.00,3068.00,3001.00,0.00,0.00,25.00,310.00
0.00,0.00,0.37,-0.02,-0.20,-0.02,-0.10,-0.24,-0.00,0.07,0.00,0.00,0.00,0.00,1.00,-0.20,-0.24,0.00,0.00,2299.00,3042.00,3067.00,3011.00,2299.00,3042.00,3067.00,3007.00,0.00,0.00,25.00,366.00
0.00,0.00,0.37,0.00,-0.20,-0.02,-0.06,-0.24,0.01,0.10,0.00,0.00,0.00,0.00,1.00,-0.20,-0.24,0.00,0.00,2296.00,3024.00,3075.00,3009.00,2296.00,3024.00,3075.00,3009.00,0.00,0.00,25.00,422.00
0.00,0.00,0.37,0.05,-0.20,0.00,0.13,-0.24,-0.01,0.02,0.00,0.00,0.00,0.00,1.00,-0.20,-0.24,0.00,0.00,2295.00,3040.00,3069.00,3014.00,2295.00,3040.00,3069.00,3014.00,0.00,0.00,25.00,760.00
0.00,0.00,0.38,0.05,-0.20,-0.01,0.00,-0.24,-0.01,0.02,0.00,0.00,0.00,0.00,1.00,-0.20,-0.24,0.00,0.00,2284.00,3029.00,3065.00,3018.00,2284.00,3029.00,3065.00,3018.00,0.00,0.00,25.00,813.00
0.00,0.10,0.37,0.00,-0.20,0.04,0.22,-0.25,-0.15,-1.10,0.00,0.00,0.00,0.00,1.00,-0.20,-0.24,0.00,0.00,2296.00,3031.00,3067.00,3012.00,2296.00,3031.00,3067.00,3012.00,0.00,0.00,25.00,870.00
0.30,0.50,0.37,0.00,-0.21,-0.12,-0.64,-0.26,-0.23,-1.63,0.00,0.00,0.00,0.00,1.00,-0.20,-0.25,0.00,0.00,2297.00,3035.00,3076.00,3012.00,2297.00,3035.00,3076.00,3012.00,0.00,0.00,25.00,924.00
0.30,0.50,0.37,0.00,-0.21,-0.13,-0.94,-0.27,-0.19,-1.00,0.00,0.00,0.00,0.00,1.00,-0.21,-0.25,0.00,0.00,2316.00,3027.00,3078.00,3017.00,2289.00,3027.00,3078.00,3017.00,0.00,0.00,25.00,980.00
0.00,0.00,0.37,0.00,-0.22,-0.03,-0.01,-0.27,0.04,1.66,0.00,0.00,0.00,0.00,1.00,-0.21,-0.26,0.00,0.00,2296.00,3031.00,3073.00,3012.00,2296.00,3031.00,3073.00,3012.00,0.00,0.00,26.00,35.00
0.20,0.10,0.37,0.00,-0.22,-0.07,0.00,-0.27,0.02,1.36,0.00,0.00,0.00,0.00,1.00,-0.21,-0.26,0.00,0.00,2296.00,3029.00,3065.00,3011.00,2296.00,3029.00,3065.00,3011.00,0.00,0.00,26.00,88.00
0.10,0.00,0.45,0.70,-0.22,0.01,0.34,-0.26,0.12,1.44,0.00,0.00,0.00,0.00,1.00,-0.22,-0.26,0.00,0.00,2296.00,3039.00,3070.00,3013.00,2289.00,3039.00,3070.00,3013.00,0.00,0.00,26.00,143.00
