0.301000 0.000000 0.000000 2583 3434 3416 939.369810 
0.301000 0.000000 0.000000 2584 3435 3416 939.412480 
0.301000 0.000000 0.000000 2583 3434 3417 939.455140 
0.300000 0.000000 0.000000 2576 3434 3416 939.497800 
0.300000 0.000000 0.000000 2584 3434 3416 939.540470 
0.300000 0.000000 0.000000 2584 3434 3416 939.583130 
0.300000 0.000000 0.000000 2584 3434 3417 939.625790 
0.300000 0.000000 0.000000 2584 3434 3417 939.668460 
0.300000 0.000000 0.000000 2584 3434 3418 939.711120 
0.300000 0.000000 0.000000 2583 3434 3416 939.753780 
0.300000 0.000000 0.000000 2584 3435 3416 939.796450 
0.300000 0.000000 0.000000 2583 3434 3417 939.839110 
0.300000 0.000000 0.000000 2583 3433 3416 939.881770 
0.300000 0.000000 0.000000 2583 3434 3417 939.924440 
0.300000 0.000000 0.000000 2584 3434 3416 939.967100 
0.301000 0.000000 0.000000 2622 3434 3417 940.009770 
0.301000 0.000000 0.000000 2604 3434 3416 940.052430 
0.300000 0.000000 0.000000 2584 3453 3416 940.095090 
0.300000 0.000000 0.000000 2583 3434 3417 940.137760 
0.300000 0.000000 0.000000 2584 3434 3417 940.180420 
0.300000 0.000000 0.000000 2584 3434 3417 940.223080 
0.300000 0.000000 0.000000 2584 3433 3416 940.265750 
0.300000 0.000000 0.000000 2584 3434 3417 940.308410 
0.300000 0.000000 0.000000 2584 3434 3416 940.351070 
0.300000 0.000000 0.000000 2583 3434 3416 940.393740 
0.300000 0.000000 0.000000 2584 3434 3416 940.436400 
0.300000 0.000000 0.000000 2584 3419 3415 940.479060 
0.300000 0.000000 0.000000 2583 3426 3417 940.521730 
0.300000 0.000000 0.000000 2584 3434 3417 940.564390 
0.471000 0.000000 0.000000 2584 3434 3417 940.607060 
0.471000 0.000000 0.000000 2585 3434 3416 940.649720 
0.507000 0.000000 0.000000 2584 3434 3403 940.692380 
0.507000 0.000000 0.000000 2583 3434 3416 940.735050 
0.300000 0.000000 0.000000 2584 3434 3417 940.777710 
0.300000 0.000000 0.000000 2583 3427 3416 940.820370 
0.300000 0.000000 0.000000 2578 3434 3416 940.863040 
0.300000 0.000000 0.000000 2584 3434 3416 940.905700 
0.300000 0.000000 0.000000 2584 3434 3416 940.948360 
0.300000 0.000000 0.000000 2583 3434 3416 940.991030 
0.300000 0.000000 0.000000 2585 3433 3428 941.033690 
0.300000 0.000000 0.000000 2584 3434 3416 941.076350 
0.300000 0.000000 0.000000 2585 3434 3416 941.119020 
0.300000 0.000000 0.000000 2583 3434 3417 941.161680 
0.300000 0.000000 0.000000 2591 3434 3416 941.204350 
0.300000 0.000000 0.000000 2583 3434 3416 941.247010 
0.300000 0.000000 0.000000 2585 3434 3402 941.289670 
0.300000 0.000000 0.000000 2584 3433 3416 941.332340 
0.300000 0.000000 0.000000 2583 3434 3416 941.375000 
0.300000 0.000000 0.000000 2583 3434 3416 941.417660 
0.300000 0.000000 0.000000 2584 3434 3416 941.460330 
0.300000 0.000000 0.000000 2583 3434 3416 941.502990 
0.300000 0.000000 0.000000 2583 3434 3415 941.545650 
0.300000 0.000000 0.000000 2584 3434 3416 941.588320 
0.300000 0.000000 0.000000 2584 3438 3417 941.630980 
0.300000 0.000000 0.000000 2584 3434 3416 941.673650 
0.300000 0.000000 0.000000 2584 3433 3416 941.716310 
0.300000 0.000000 0.000000 2584 3434 3416 941.758970 
0.300000 0.000000 0.000000 2587 3434 3417 941.801640 
0.300000 0.000000 0.000000 2584 3434 3416 941.844300 
0.300000 0.000000 0.000000 2584 3460 3418 941.886960 
0.300000 0.000000 0.000000 2584 3434 3416 941.929630 
0.300000 0.000000 0.000000 2584 3434 3418 941.972290 
0.504000 0.000000 0.000000 2583 3434 3417 942.014950 
0.504000 0.000000 0.000000 2584 3443 3417 942.057620 
0.504000 0.000000 0.000000 2584 3434 3416 942.100280 
0.504000 0.000000 0.000000 2584 3434 3416 942.142940 
0.509000 0.000000 0.000000 2584 3434 3415 942.185610 
0.509000 0.000000 0.000000 2584 3434 3416 942.228270 
0.509000 0.000000 0.000000 2584 3434 3407 942.270940 
0.506000 0.000000 0.000000 2584 3434 3416 942.313600 
0.506000 0.000000 0.000000 2558 3435 3416 942.356260 
0.300000 0.000000 0.000000 2584 3434 3416 942.398930 
0.300000 0.000000 0.000000 2588 3428 3416 942.441590 
0.301000 0.000000 0.000000 2584 3434 3417 942.484250 
0.301000 0.000000 0.000000 2584 3434 3416 942.526920 
0.301000 0.000000 0.000000 2584 3434 3417 942.569580 
0.300000 0.000000 0.000000 2584 3434 3416 942.612240 
0.300000 0.000000 0.000000 2584 3434 3416 942.654910 
0.300000 0.000000 0.000000 2584 3434 3416 942.697570 
0.300000 0.000000 0.000000 2584 3434 3416 942.740230 
0.300000 0.000000 0.000000 2584 3434 3418 942.782900 
0.300000 0.000000 0.000000 2590 3434 3417 942.825560 
0.300000 0.000000 0.000000 2584 3434 3416 942.868230 
0.300000 0.000000 0.000000 2584 3434 3417 942.910890 
0.300000 0.000000 0.000000 2584 3434 3417 942.953550 
0.300000 0.000000 0.000000 2583 3434 3416 942.996220 
0.300000 0.000000 0.000000 2584 3434 3417 943.038880 
0.300000 0.000000 0.000000 2585 3434 3416 943.081540 
0.300000 0.000000 0.000000 2584 3433 3416 943.124210 
0.300000 0.000000 0.000000 2567 3434 3416 943.166870 
0.300000 0.000000 0.000000 2584 3434 3416 943.209530 
0.300000 0.000000 0.000000 2584 3435 3416 943.252200 
0.300000 0.000000 0.000000 2583 3435 3417 943.294860 
0.300000 0.000000 0.000000 2584 3435 3416 943.337520 
0.300000 0.000000 0.000000 2585 3434 3418 943.380190 
0.300000 0.000000 0.000000 2584 3434 3416 943.422850 
0.300000 0.000000 0.000000 2585 3434 3416 943.465520 
0.300000 0.000000 0.000000 2584 3434 3416 943.508180 
0.300000 0.000000 0.000000 2585 3434 3416 943.550840 
0.507000 0.000000 0.000000 2584 3434 3416 943.593510 
0.507000 0.000000 0.000000 2585 3434 3416 943.636170 
0.505000 0.000000 0.000000 2584 3434 3416 943.678830 
0.505000 0.000000 0.000000 2585 3422 3416 943.721500 
0.505000 0.000000 0.000000 2583 3434 3417 943.764160 
0.300000 0.000000 0.000000 2583 3434 3417 943.806820 
0.300000 0.000000 0.000000 2584 3449 3417 943.849490 
0.300000 0.000000 0.000000 2583 3434 3416 943.892150 
0.300000 0.000000 0.000000 2584 3433 3416 943.934810 
0.302000 0.000000 0.000000 2584 3434 3416 943.977480 
0.302000 0.000000 0.000000 2583 3434 3417 944.020140 
0.302000 0.000000 0.000000 2584 3443 3417 944.062810 
0.300000 0.000000 0.000000 2583 3434 3416 944.105470 
0.300000 0.000000 0.000000 2583 3434 3416 944.148130 
0.300000 0.000000 0.000000 2584 3434 3417 944.190800 
0.300000 0.000000 0.000000 2583 3434 3417 944.233460 
0.300000 0.000000 0.000000 2583 3434 3412 944.276120 
0.300000 0.000000 0.000000 2584 3434 3418 944.318790 
0.300000 0.000000 0.000000 2583 3434 3415 944.361450 
0.477000 0.000000 0.000000 2584 3434 3416 944.404110 
0.477000 0.000000 0.000000 2584 3434 3416 944.446780 
0.477000 0.000000 0.000000 2583 3434 3416 944.489440 
0.477000 0.000000 0.000000 2584 3434 3417 944.532100 
0.477000 0.000000 0.000000 2584 3434 3416 944.574770 
0.478000 0.000000 0.000000 2584 3434 3416 944.617430 
0.478000 0.000000 0.000000 2584 3434 3416 944.660100 
0.478000 0.000000 0.000000 2584 3434 3416 944.702760 
0.478000 0.000000 0.000000 2609 3435 3417 944.745420 
0.300000 0.000000 0.000000 2584 3434 3416 944.788090 
0.300000 0.000000 0.000000 2584 3434 3416 944.830750 
0.300000 0.000000 0.000000 2583 3450 3437 944.873410 
0.300000 0.000000 0.000000 2584 3434 3417 944.916080 
0.300000 0.000000 0.000000 2562 3434 3416 944.958740 
0.300000 0.000000 0.000000 2584 3434 3416 945.0
0.300000 0.000000 0.000000 2583 3434 3417 945.044070 
0.300000 0.000000 0.000000 2584 3434 3406 945.086730 
0.300000 0.000000 0.000000 2584 3435 3416 945.129390 
0.300000 0.000000 0.000000 2583 3433 3417 945.172060 
0.300000 0.000000 0.000000 2583 3434 3416 945.214720 
0.300000 0.000000 0.000000 2584 3434 3416 945.257390 
0.300000 0.000000 0.000000 2584 3434 3416 945.300050 
0.300000 0.000000 0.000000 2584 3434 3416 945.342710 
0.300000 0.000000 0.000000 2583 3434 3416 945.385380 
0.300000 0.000000 0.000000 2584 3434 3416 945.428040 
0.300000 0.000000 0.000000 2584 3434 3416 945.470700 
0.300000 0.000000 0.000000 2584 3434 3416 945.513370 
0.300000 0.000000 0.000000 2583 3433 3417 945.556030 
0.300000 0.000000 0.000000 2583 3434 3416 945.598690 
0.300000 0.000000 0.000000 2584 3435 3417 945.641360 
0.300000 0.000000 0.000000 2583 3442 3416 945.684020 
0.300000 0.000000 0.000000 2584 3434 3418 945.726680 
0.300000 0.000000 0.000000 2584 3434 3416 945.769350 
0.300000 0.000000 0.000000 2584 3434 3416 945.812010 
0.300000 0.000000 0.000000 2584 3451 3416 945.854680 
0.300000 0.000000 0.000000 2584 3434 3416 945.897340 
0.300000 0.000000 0.000000 2562 3434 3416 945.940000 
0.300000 0.000000 0.000000 2585 3434 3416 945.982670 
0.300000 0.000000 0.000000 2584 3434 3417 946.025330 
0.300000 0.000000 0.000000 2585 3434 3407 946.067990 
0.301000 0.000000 0.000000 2584 3434 3417 946.110660 
0.301000 0.000000 0.000000 2581 3435 3416 946.153320 
0.300000 0.000000 0.000000 2584 3416 3416 946.195980 
0.300000 0.000000 0.000000 2583 3434 3416 946.238650 
0.300000 0.000000 0.000000 2584 3434 3416 946.281310 
0.300000 0.000000 0.000000 2584 3434 3417 946.323970 
0.300000 0.000000 0.000000 2583 3433 3416 946.366640 
0.303000 0.000000 0.000000 2584 3434 3416 946.409300 
0.303000 0.000000 0.000000 2584 3433 3416 946.451970 
0.300000 0.000000 0.000000 2584 3434 3416 946.494630 
0.300000 0.000000 0.000000 2613 3434 3417 946.537290 
0.300000 0.000000 0.000000 2584 3434 3416 946.579960 
0.300000 0.000000 0.000000 2583 3434 3416 946.622620 
0.300000 0.000000 0.000000 2584 3434 3416 946.665280 
0.471000 0.000000 0.000000 2585 3434 3416 946.707950 
0.471000 0.000000 0.000000 2569 3434 3416 946.750610 
0.300000 0.000000 0.000000 2583 3434 3416 946.793270 
0.300000 0.000000 0.000000 2583 3435 3417 946.835940 
0.300000 0.000000 0.000000 2584 3434 3416 946.878600 
0.300000 0.000000 0.000000 2584 3434 3418 946.921260 
0.300000 0.000000 0.000000 2584 3434 3429 946.963930 
0.300000 0.000000 0.000000 2584 3422 3416 947.006590 
0.300000 0.000000 0.000000 2584 3434 3416 947.049260 
0.300000 0.000000 0.000000 2584 3434 3416 947.091920 
0.300000 0.000000 0.000000 2583 3434 3415 947.134580 
0.300000 0.000000 0.000000 2583 3433 3432 947.177250 
0.300000 0.000000 0.000000 2584 3434 3416 947.219910 
0.300000 0.000000 0.000000 2584 3434 3416 947.262570 
0.300000 0.000000 0.000000 2584 3433 3418 947.305240 
0.300000 0.000000 0.000000 2592 3434 3415 947.347900 
0.300000 0.000000 0.000000 2584 3441 3418 947.390560 
0.300000 0.000000 0.000000 2583 3434 3416 947.433230 
0.300000 0.000000 0.000000 2583 3434 3440 947.475890 
0.300000 0.000000 0.000000 2584 3434 3416 947.518550 
0.300000 0.000000 0.000000 2584 3434 3416 947.561220 
0.300000 0.000000 0.000000 2584 3434 3416 947.603880 
0.300000 0.000000 0.000000 2584 3434 3416 947.646550 
0.300000 0.000000 0.000000 2584 3434 3417 947.689210 
0.300000 0.000000 0.000000 2585 3434 3416 947.731870 
0.300000 0.000000 0.000000 2584 3434 3417 947.774540 
0.478000 0.000000 0.000000 2584 3410 3417 947.817200 
0.478000 0.000000 0.000000 2584 3434 3416 947.859860 
0.300000 0.000000 0.000000 2583 3434 3416 947.902530 
0.300000 0.000000 0.000000 2584 3435 3416 947.945190 
0.301000 0.000000 0.000000 2584 3425 3400 947.987850 
0.301000 0.000000 0.000000 2583 3434 3416 948.030520 
0.301000 0.000000 0.000000 2583 3434 3416 948.073180 
0.301000 0.000000 0.000000 2584 3434 3416 948.115840 
0.301000 0.000000 0.000000 2584 3434 3399 948.158510 
0.300000 0.000000 0.000000 2584 3435 3416 948.201170 
0.300000 0.000000 0.000000 2585 3434 3416 948.243840 
0.300000 0.000000 0.000000 2584 3434 3417 948.286500 
0.300000 0.000000 0.000000 2583 3434 3416 948.329160 
0.300000 0.000000 0.000000 2583 3434 3417 948.371830 
0.300000 0.000000 0.000000 2583 3433 3416 948.414490 
0.300000 0.000000 0.000000 2584 3434 3416 948.457150 
0.471000 0.000000 0.000000 2584 3434 3416 948.499820 
0.471000 0.000000 0.000000 2591 3434 3416 948.542480 
0.478000 0.000000 0.000000 2584 3435 3416 948.585140 
0.478000 0.000000 0.000000 2583 3434 3416 948.627810 
0.478000 0.000000 0.000000 2584 3434 3417 948.670470 
0.477000 0.000000 0.000000 2584 3434 3416 948.713130 
0.477000 0.000000 0.000000 2580 3436 3417 948.755800 
0.507000 0.000000 0.000000 2583 3419 3416 948.798460 
0.507000 0.000000 0.000000 2584 3434 3418 948.841130 
0.300000 0.000000 0.000000 2578 3435 3416 948.883790 
0.300000 0.000000 0.000000 2596 3434 3417 948.926450 
0.300000 0.000000 0.000000 2584 3434 3418 948.969120 
0.477000 0.000000 0.000000 2584 3434 3418 949.011780 
0.477000 0.000000 0.000000 2584 3434 3416 949.054440 
0.300000 0.000000 0.000000 2583 3434 3416 949.097110 
0.300000 0.000000 0.000000 2593 3434 3417 949.139770 
0.301000 0.000000 0.000000 2584 3433 3416 949.182430 
0.301000 0.000000 0.000000 2583 3434 3416 949.225100 
0.301000 0.000000 0.000000 2583 3434 3416 949.267760 
0.300000 0.000000 0.000000 2584 3434 3417 949.310420 
0.300000 0.000000 0.000000 2606 3434 3416 949.353090 
0.477000 0.000000 0.000000 2583 3435 3415 949.395750 
0.477000 0.000000 0.000000 2583 3434 3417 949.438420 
0.301000 0.000000 0.000000 2584 3435 3416 949.481080 
0.301000 0.000000 0.000000 2584 3434 3417 949.523740 
0.301000 0.000000 0.000000 2584 3439 3415 949.566410 
0.300000 0.000000 0.000000 2571 3434 3428 949.609070 
0.300000 0.000000 0.000000 2584 3434 3416 949.651730 
0.471000 0.000000 0.000000 2584 3435 3416 949.694400 
0.471000 0.000000 0.000000 2584 3434 3416 949.737060 
0.471000 0.000000 0.000000 2584 3434 3415 949.779720 
0.471000 0.000000 0.000000 2583 3434 3417 949.822390 
0.471000 0.000000 0.000000 2584 3434 3416 949.865050 
0.301000 0.000000 0.000000 2584 3434 3416 949.907710 
0.301000 0.000000 0.000000 2584 3434 3416 949.950380 
0.477000 0.000000 0.000000 2574 3434 3405 949.993040 
0.477000 0.000000 0.000000 2583 3429 3417 950.035710 
0.477000 0.000000 0.000000 2584 3434 3402 950.078370 
0.477000 0.000000 0.000000 2587 3434 3416 950.121030 
0.477000 0.000000 0.000000 2584 3434 3416 950.163700 
0.300000 0.000000 0.000000 2584 3434 3417 950.206360 
0.300000 0.000000 0.000000 2583 3433 3416 950.249020 
0.300000 0.000000 0.000000 2583 3435 3416 950.291690 
0.300000 0.000000 0.000000 2586 3433 3416 950.334350 
0.300000 0.000000 0.000000 2584 3435 3416 950.377010 
0.300000 0.000000 0.000000 2584 3434 3416 950.419680 
0.300000 0.000000 0.000000 2584 3435 3416 950.462340 
0.300000 0.000000 0.000000 2583 3434 3417 950.505000 
0.300000 0.000000 0.000000 2584 3433 3416 950.547670 
0.300000 0.000000 0.000000 2584 3458 3401 950.590330 
0.300000 0.000000 0.000000 2583 3434 3415 950.633000 
0.300000 0.000000 0.000000 2584 3434 3417 950.6
0.300000 0.000000 0.000000 2585 3434 3423 950.718320 
0.300000 0.000000 0.000000 2584 3434 3379 950.760990 
0.300000 0.000000 0.000000 2583 3434 3392 950.803650 
0.300000 0.000000 0.000000 2584 3434 3417 950.846310 
0.300000 0.000000 0.000000 2583 3434 3416 950.888980 
0.300000 0.000000 0.000000 2571 3434 3416 950.931640 
0.300000 0.000000 0.000000 2584 3434 3416 950.974300 
0.300000 0.000000 0.000000 2585 3434 3416 951.016970 
0.300000 0.000000 0.000000 2584 3435 3416 951.059630 
0.300000 0.000000 0.000000 2585 3434 3417 951.102290 
0.300000 0.000000 0.000000 2597 3434 3416 951.144960 
0.300000 0.000000 0.000000 2590 3463 3416 951.187620 
0.300000 0.000000 0.000000 2583 3434 3416 951.230290 
0.300000 0.000000 0.000000 2584 3434 3417 951.272950 
0.300000 0.000000 0.000000 2593 3434 3416 951.315610 
0.300000 0.000000 0.000000 2584 3435 3418 951.358280 
0.300000 0.000000 0.000000 2584 3434 3426 951.400940 
0.300000 0.000000 0.000000 2584 3434 3416 951.443600 
0.300000 0.000000 0.000000 2583 3434 3416 951.486270 
0.300000 0.000000 0.000000 2584 3433 3416 951.528930 
0.300000 0.000000 0.000000 2584 3434 3416 951.571590 
0.300000 0.000000 0.000000 2584 3434 3416 951.614260 
0.300000 0.000000 0.000000 2581 3434 3416 951.656920 
0.300000 0.000000 0.000000 2585 3434 3417 951.699580 
0.300000 0.000000 0.000000 2584 3434 3416 951.742250 
0.300000 0.000000 0.000000 2583 3433 3417 951.784910 
0.300000 0.000000 0.000000 2584 3434 3416 951.827580 
0.300000 0.000000 0.000000 2584 3434 3418 951.870240 
0.301000 0.000000 0.000000 2584 3434 3416 951.912900 
0.301000 0.000000 0.000000 2604 3433 3416 951.955570 
0.477000 0.000000 0.000000 2583 3433 3416 951.998230 
0.477000 0.000000 0.000000 2587 3442 3416 952.040890 
0.477000 0.000000 0.000000 2615 3434 3416 952.083560 
0.477000 0.000000 0.000000 2585 3433 3417 952.126220 
0.477000 0.000000 0.000000 2586 3434 3416 952.168880 
0.300000 0.000000 0.000000 2583 3434 3417 952.211550 
0.300000 0.000000 0.000000 2585 3435 3416 952.254210 
0.300000 0.000000 0.000000 2584 3434 3416 952.296880 
0.300000 0.000000 0.000000 2584 3434 3416 952.339540 
0.300000 0.000000 0.000000 2584 3456 3423 952.382200 
0.300000 0.000000 0.000000 2570 3435 3418 952.424870 
0.300000 0.000000 0.000000 2585 3434 3416 952.4
0.300000 0.000000 0.000000 2583 3370 3417 952.510190 
0.300000 0.000000 0.000000 2585 3434 3416 952.552860 
0.300000 0.000000 0.000000 2584 3435 3412 952.595520 
0.300000 0.000000 0.000000 2585 3434 3416 952.638180 
0.300000 0.000000 0.000000 2584 3434 3416 952.680850 
0.300000 0.000000 0.000000 2585 3434 3416 952.723510 
0.300000 0.000000 0.000000 2584 3435 3416 952.766170 
0.478000 0.000000 0.000000 2585 3435 3416 952.808840 
0.478000 0.000000 0.000000 2584 3434 3416 952.851500 
0.300000 0.000000 0.000000 2584 3435 3416 952.894170 
0.300000 0.000000 0.000000 2584 3435 3416 952.936830 
0.300000 0.000000 0.000000 2583 3434 3417 952.979490 
0.300000 0.000000 0.000000 2584 3435 3416 953.022160 
0.300000 0.000000 0.000000 2611 3434 3416 953.064820 
0.301000 0.000000 0.000000 2584 3434 3416 953.107480 
0.301000 0.000000 0.000000 2584 3445 3417 953.150150 
0.304000 0.000000 0.000000 2583 3450 3433 953.192810 
0.304000 0.000000 0.000000 2587 3434 3417 953.235470 
0.300000 0.000000 0.000000 2565 3434 3416 953.278140 
0.300000 0.000000 0.000000 2584 3434 3418 953.320800 
0.300000 0.000000 0.000000 2583 3434 3420 953.363460 
0.300000 0.000000 0.000000 2584 3435 3408 953.406130 
0.300000 0.000000 0.000000 2578 3434 3416 953.448790 
0.301000 0.000000 0.000000 2584 3434 3416 953.491460 
0.301000 0.000000 0.000000 2584 3434 3416 953.534120 
0.301000 0.000000 0.000000 2589 3434 3399 953.576780 
0.300000 0.000000 0.000000 2584 3433 3417 953.619450 
0.300000 0.000000 0.000000 2583 3434 3416 953.662110 
0.300000 0.000000 0.000000 2583 3434 3417 953.704770 
0.300000 0.000000 0.000000 2584 3434 3417 953.747440 
0.300000 0.000000 0.000000 2584 3434 3416 953.790100 
0.300000 0.000000 0.000000 2584 3434 3416 953.832760 
0.300000 0.000000 0.000000 2584 3434 3416 953.875430 
0.300000 0.000000 0.000000 2585 3434 3416 953.918090 
0.300000 0.000000 0.000000 2584 3436 3407 953.960750 
0.300000 0.000000 0.000000 2584 3429 3416 954.003420 
0.300000 0.000000 0.000000 2584 3435 3416 954.046080 
0.300000 0.000000 0.000000 2584 3434 3417 954.088750 
0.300000 0.000000 0.000000 2584 3435 3416 954.131410 
0.300000 0.000000 0.000000 2585 3434 3422 954.174070 
0.300000 0.000000 0.000000 2583 3434 3417 954.216740 
0.300000 0.000000 0.000000 2574 3434 3416 954.259400 
0.300000 0.000000 0.000000 2584 3434 3416 954.302060 
0.300000 0.000000 0.000000 2583 3434 3416 954.344730 
0.300000 0.000000 0.000000 2584 3434 3401 954.387390 
0.300000 0.000000 0.000000 2583 3434 3416 954.430050 
0.300000 0.000000 0.000000 2584 3434 3416 954.472720 
0.300000 0.000000 0.000000 2583 3405 3416 954.515380 
0.300000 0.000000 0.000000 2584 3439 3415 954.558040 
0.300000 0.000000 0.000000 2584 3434 3416 954.600710 
0.300000 0.000000 0.000000 2584 3435 3417 954.643370 
0.300000 0.000000 0.000000 2584 3434 3416 954.686040 
0.300000 0.000000 0.000000 2584 3434 3416 954.728700 
0.300000 0.000000 0.000000 2584 3434 3418 954.771360 
0.300000 0.000000 0.000000 2584 3435 3416 954.814030 
0.300000 0.000000 0.000000 2583 3434 3417 954.856690 
0.300000 0.000000 0.000000 2584 3434 3416 954.899350 
0.300000 0.000000 0.000000 2584 3434 3417 954.942020 
0.300000 0.000000 0.000000 2584 3447 3416 954.984680 
0.300000 0.000000 0.000000 2631 3434 3417 955.027340 
0.300000 0.000000 0.000000 2563 3434 3416 955.070010 
0.477000 0.000000 0.000000 2584 3434 3416 955.112670 
0.477000 0.000000 0.000000 2583 3434 3417 955.155330 
0.300000 0.000000 0.000000 2584 3434 3416 955.198000 
0.300000 0.000000 0.000000 2557 3434 3417 955.240660 
0.503000 0.000000 0.000000 2584 3434 3416 955.283330 
0.503000 0.000000 0.000000 2584 3435 3423 955.325990 
0.503000 0.000000 0.000000 2583 3434 3416 955.368650 
0.477000 0.000000 0.000000 2585 3435 3416 955.411320 
0.477000 0.000000 0.000000 2570 3406 3418 955.453980 
0.477000 0.000000 0.000000 2569 3408 3419 955.496640 
0.477000 0.000000 0.000000 2569 3407 3420 955.539310 
0.300000 0.000000 0.000000 2570 3406 3419 955.581970 
0.300000 0.000000 0.000000 2569 3393 3433 955.624630 
0.300000 0.000000 0.000000 2569 3406 3421 955.667300 
0.300000 0.000000 0.000000 2569 3406 3420 955.709960 
0.300000 0.000000 0.000000 2570 3407 3420 955.752620 
0.300000 0.000000 0.000000 2570 3421 3420 955.795290 
0.300000 0.000000 0.000000 2568 3406 3419 955.837950 
0.300000 0.000000 0.000000 2569 3413 3420 955.880620 
0.300000 0.000000 0.000000 2569 3380 3420 955.923280 
0.300000 0.000000 0.000000 2569 3407 3419 955.965940 
0.300000 0.000000 0.000000 2570 3406 3416 956.008610 
0.300000 0.000000 0.000000 2569 3406 3420 956.051270 
0.300000 0.000000 0.000000 2570 3405 3407 956.093930 
0.300000 0.000000 0.000000 2570 3397 3404 956.136600 
0.477000 0.000000 0.000000 2569 3406 3419 956.179260 
0.477000 0.000000 0.000000 2569 3406 3418 956.221920 
0.477000 0.000000 0.000000 2569 3407 3419 956.264590 
0.300000 0.000000 0.000000 2569 3407 3419 956.307250 
0.300000 0.000000 0.000000 2569 3406 3391 956.349910 
0.300000 0.000000 0.000000 2570 3407 3419 956.392580 
0.300000 0.000000 0.000000 2578 3408 3420 956.435240 
0.300000 0.000000 0.000000 2569 3406 3419 956.477910 
0.300000 0.000000 0.000000 2559 3406 3420 956.520570 
0.300000 0.000000 0.000000 2570 3407 3419 956.563230 
0.479000 0.000000 0.000000 2569 3407 3420 956.605900 
0.479000 0.000000 0.000000 2570 3406 3420 956.648560 
0.300000 0.000000 0.000000 2555 3407 3420 956.691220 
0.300000 0.000000 0.000000 2570 3448 3419 956.733890 
0.300000 0.000000 0.000000 2569 3522 3421 956.776550 
0.300000 0.000000 0.000000 2569 3468 3420 956.819210 
0.300000 0.000000 0.000000 2569 3421 3420 956.861880 
0.477000 0.000000 0.000000 2569 3408 3419 956.904540 
0.477000 0.000000 0.000000 2569 3407 3420 956.947200 
0.300000 0.000000 0.000000 2570 3408 3419 956.989870 
0.300000 0.000000 0.000000 2569 3406 3420 957.032530 
0.300000 0.000000 0.000000 2570 3407 3420 957.075200 
0.479000 0.000000 0.000000 2570 3406 3420 957.117860 
0.479000 0.000000 0.000000 2569 3406 3420 957.160520 
0.477000 0.000000 0.000000 2570 3406 3419 957.203190 
0.477000 0.000000 0.000000 2570 3406 3420 957.245850 
0.477000 0.000000 0.000000 2568 3408 3420 957.288510 
0.477000 0.000000 0.000000 2569 3406 3420 957.331180 
0.477000 0.000000 0.000000 2569 3407 3419 957.373840 
0.300000 0.000000 0.000000 2569 3424 3421 957.416500 
0.300000 0.000000 0.000000 2578 3406 3419 957.459170 
0.300000 0.000000 0.000000 2577 3408 3420 957.501830 
0.300000 0.000000 0.000000 2569 3405 3420 957.544490 
4.685000 0.000000 0.000000 2570 3407 3419 957.587160 
4.685000 0.000000 0.000000 2570 3391 3420 957.629820 
4.685000 0.000000 0.000000 2569 3407 3420 957.672490 
0.513000 0.000000 0.000000 2569 3407 3441 957.715150 
0.513000 0.000000 0.000000 2577 3406 3420 957.757810 
0.300000 0.000000 0.000000 2570 3392 3420 957.800480 
0.300000 0.000000 0.000000 2570 3407 3471 957.843140 
0.308000 0.000000 0.000000 2569 3408 3420 957.885800 
0.308000 0.000000 0.000000 2569 3406 3420 957.928470 
0.308000 0.000000 0.000000 2569 3407 3420 957.971130 
0.300000 0.000000 0.000000 2569 3407 3420 958.013790 
0.300000 0.000000 0.000000 2569 3407 3354 958.056460 
0.509000 0.000000 0.000000 2569 3406 3420 958.099120 
0.509000 0.000000 0.000000 2569 3407 3419 958.141780 
0.504000 0.000000 0.000000 2569 3407 3420 958.184450 
0.504000 0.000000 0.000000 2579 3408 3420 958.227110 
0.504000 0.000000 0.000000 2627 3392 3433 958.269780 
0.506000 0.000000 0.000000 2729 3404 3423 958.312440 
0.506000 0.000000 0.000000 2791 3408 3420 958.355100 
0.498000 0.000000 0.000000 2811 3409 3419 958.397770 
0.498000 0.000000 0.000000 2811 3408 3419 958.440430 
0.300000 0.000000 0.000000 2806 3406 3420 958.483090 
0.300000 0.000000 0.000000 2803 3405 3420 958.525760 
0.300000 0.000000 0.000000 2832 3406 3419 958.568420 
0.300000 0.000000 0.000000 2897 3406 3417 958.611080 
0.300000 0.000000 0.000000 3006 3408 3419 958.653750 
3.946000 0.000000 0.000000 3090 3407 3419 958.696410 
3.946000 0.000000 0.000000 3143 3406 3418 958.739070 
0.507000 0.000000 0.000000 3171 3408 3418 958.781740 
0.507000 0.000000 0.000000 3183 3407 3419 958.824400 
0.507000 0.000000 0.000000 3190 3408 3419 958.867070 
0.502000 0.000000 0.000000 3200 3406 3420 958.909730 
0.502000 0.000000 0.000000 3214 3407 3418 958.952390 
0.383000 0.000000 0.000000 3227 3406 3417 958.995060 
0.383000 0.000000 0.000000 3242 3406 3408 959.037720 
3.685000 0.000000 0.000000 3255 3406 3398 959.080380 
3.685000 0.000000 0.000000 3270 3404 3393 959.123050 
3.685000 0.000000 0.000000 3299 3404 3390 959.165710 
0.406000 0.000000 0.000000 3309 3401 3382 959.208370 
0.406000 0.000000 0.000000 3328 3396 3375 959.251040 
0.414000 0.000000 0.000000 3336 3392 3382 959.293700 
0.414000 0.000000 0.000000 3336 3387 3361 959.336360 
0.414000 0.000000 0.000000 3339 3375 3378 959.379030 
3.120000 0.000000 0.000000 3361 3328 3336 959.421690 
3.120000 0.000000 0.000000 3400 3294 3373 959.464360 
0.429000 0.000000 0.000000 3393 3281 3379 959.507020 
0.429000 0.000000 0.000000 3397 3275 3373 959.549680 
0.441000 0.000000 0.000000 3398 3269 3399 959.592350 
0.441000 0.000000 0.000000 3397 3267 3399 959.635010 
0.449000 0.000000 0.000000 3396 3269 3417 959.677670 
0.449000 0.000000 0.000000 3416 3275 3417 959.720340 
0.449000 0.000000 0.000000 3410 3286 3417 959.763000 
0.300000 0.000000 0.000000 3378 3301 3366 959.805660 
0.300000 0.000000 0.000000 3372 3331 3422 959.848330 
0.300000 0.000000 0.000000 3344 3356 3424 959.890990 
0.300000 0.000000 0.000000 3342 3382 3428 959.933650 
0.300000 0.000000 0.000000 3339 3404 3430 959.976320 
0.300000 0.000000 0.000000 3333 3404 3429 960.018980 
0.300000 0.000000 0.000000 3333 3406 3428 960.061650 
0.300000 0.000000 0.000000 3332 3408 3427 960.104310 
0.300000 0.000000 0.000000 3290 3413 3423 960.146970 
0.300000 0.180960 0.047652 3334 3441 3431 960.189640 
0.300000 -0.231690 -0.008372 3337 3466 3431 960.232300 
0.300000 0.000000 0.000000 3340 3470 3425 960.274960 
0.328000 -0.125504 0.000000 3342 3461 3426 960.317630 
0.328000 -0.051876 0.088858 3328 3459 3422 960.360290 
0.370000 0.017736 -0.156807 3345 3453 3421 960.402950 
0.370000 -0.306912 -0.111201 3340 3442 3422 960.445620 
0.390000 0.073479 0.081634 3330 3424 3422 960.488280 
0.390000 -0.059579 -0.220235 3330 3410 3421 960.530940 
0.443000 0.078718 -0.026364 3327 3408 3420 960.573610 
0.443000 -0.026255 -0.014081 3321 3409 3420 960.616270 
0.443000 0.079248 0.066899 3329 3409 3421 960.658940 
0.473000 -0.073462 0.144103 3328 3409 3420 960.701600 
0.473000 -0.088873 0.167611 3330 3408 3414 960.744260 
0.501000 -0.397530 -0.283563 3330 3394 3419 960.786930 
0.501000 -0.113314 0.087992 3330 3387 3420 960.829590 
0.501000 0.101024 0.107912 3263 3348 3419 960.872250 
0.531000 -0.016676 0.006274 3330 3339 3419 960.914920 
0.531000 0.000000 -0.044101 3330 3336 3419 960.957580 
0.556000 -0.412822 -0.008801 3330 3333 3420 961.000240 
0.556000 0.156829 0.025310 3328 3340 3420 961.042910 
0.575000 0.038771 0.076958 3327 3338 3419 961.085570 
0.575000 -0.377840 -0.230646 3325 3344 3419 961.128230 
0.575000 0.000000 0.000000 3327 3350 3420 961.170900 
0.594000 0.000000 0.000000 3326 3376 3419 961.213560 
0.594000 -0.112733 -0.188293 3329 3351 3420 961.256230 
0.608000 0.086759 -0.260310 3338 3348 3420 961.298890 
0.608000 0.383359 0.137279 3337 3348 3419 961.341550 
0.615000 -0.003569 0.162980 3336 3337 3421 961.384220 
0.615000 0.041332 0.209822 3337 3357 3420 961.426880 
0.615000 -0.026730 -0.113951 3337 3357 3439 961.469540 
0.621000 0.024903 -0.092933 3337 3362 3421 961.512210 
0.621000 0.236715 0.023372 3337 3369 3421 961.554870 
0.631000 -0.344741 -0.249318 3337 3370 3420 961.597530 
0.631000 -0.014269 -0.042695 3336 3384 3419 961.640200 
0.631000 0.106901 -0.174426 3337 3392 3418 961.682860 
0.636000 -0.228009 -0.315959 3342 3395 3428 961.725520 
0.636000 -0.085863 -0.263254 3354 3397 3420 961.768190 
0.632000 -0.048380 0.007610 3362 3398 3419 961.810850 
0.632000 0.055809 -0.034174 3364 3403 3418 961.853520 
0.635000 -0.052325 0.000000 3365 3404 3424 961.896180 
0.635000 0.000000 0.000000 3363 3373 3420 961.938840 
0.637000 0.137427 -0.057916 3337 3404 3421 961.981510 
0.637000 0.107154 0.014337 3343 3403 3418 962.024170 
0.637000 -0.110280 -0.031793 3364 3390 3419 962.066830 
0.638000 0.000000 0.188960 3338 3407 3420 962.109500 
0.638000 0.165700 0.091721 3351 3406 3419 962.152160 
0.634000 -0.027405 0.208583 3337 3406 3419 962.194820 
0.634000 0.142723 0.137317 3337 3409 3418 962.237490 
0.634000 0.060372 0.378818 3332 3415 3415 962.280150 
0.639000 -0.086396 -0.272643 3332 3431 3395 962.322810 
0.639000 -0.054610 -0.168819 3332 3441 3384 962.365480 
0.641000 0.118382 0.150937 3334 3443 3383 962.408140 
0.641000 0.000000 0.000000 3346 3442 3403 962.450810 
0.645000 -0.089338 0.092977 3355 3442 3418 962.493470 
0.645000 0.000000 0.000000 3353 3443 3420 962.536130 
0.645000 0.000000 0.000000 3356 3445 3420 962.578800 
0.643000 0.019657 0.466633 3361 3451 3420 962.621460 
0.643000 0.012959 -0.016283 3360 3456 3421 962.664120 
0.636000 -0.062687 -0.047117 3360 3455 3421 962.706790 
0.636000 -0.112243 -0.055271 3361 3455 3423 962.749450 
0.627000 -0.115687 -0.179658 3374 3444 3439 962.792110 
0.627000 -0.090706 -0.037452 3376 3434 3436 962.834780 
0.627000 0.095737 0.244693 3381 3424 3432 962.877440 
0.623000 -0.015524 0.112209 3390 3427 3421 962.920100 
0.623000 -0.063553 0.000000 3394 3414 3422 962.962770 
0.629000 0.223062 -0.119492 3393 3410 3420 963.005430 
0.629000 0.000000 0.000000 3394 3409 3418 963.048100 
0.626000 0.000000 0.000000 3393 3410 3418 963.090760 
0.626000 -0.157691 -0.215312 3394 3401 3419 963.133420 
0.630000 0.076208 0.250525 3393 3407 3418 963.176090 
0.630000 -0.006777 0.280775 3392 3407 3419 963.218750 
0.630000 -0.205855 0.114631 3390 3406 3420 963.261410 
0.646000 -0.038900 0.384875 3392 3386 3418 963.304080 
0.646000 0.100621 0.000000 3385 3397 3420 963.346740 
0.661000 -0.094472 0.007811 3383 3386 3478 963.389400 
0.661000 -0.022488 -0.056230 3378 3374 3423 963.432070 
0.661000 -0.348695 -0.505802 3374 3365 3430 963.474730 
0.685000 -0.242810 -0.277534 3372 3379 3436 963.517400 
0.685000 0.278068 -0.624366 3372 3350 3442 963.560060 
0.711000 -0.129468 -0.061887 3370 3350 3448 963.602720 
0.711000 0.116017 -0.290457 3370 3348 3450 963.645390 
0.743000 0.123357 -0.134077 3369 3349 3449 963.050 
0.743000 -0.310571 0.000000 3369 3355 3448 963.730710 
0.743000 0.000000 0.000000 3376 3363 3416 963.773380 
0.774000 0.112133 -0.138900 3418 3386 3437 963.816040 
0.774000 -0.296829 -0.029381 3398 3405 3436 963.858700 
0.801000 0.000000 0.000000 3402 3406 3434 963.901370 
0.801000 -0.002641 -0.121203 3403 3406 3434 963.944030 
0.837000 -0.128898 0.024562 3406 3408 3436 963.986690 
0.837000 -0.152647 0.017254 3392 3408 3439 964.029360 
0.837000 0.002101 -0.315140 3406 3408 3448 964.072020 
0.870000 -0.194988 -0.056457 3402 3408 3460 964.114690 
0.870000 -0.100368 0.631673 3373 3409 3494 964.157350 
0.911000 -0.196187 -0.236090 3370 3409 3518 964.200010 
0.911000 -0.261842 0.000000 3367 3408 3527 964.242680 
0.950000 0.166786 0.415230 3364 3408 3532 964.285340 
0.950000 -0.140531 -0.409985 3363 3408 3536 964.328000 
0.950000 -0.955607 -0.872001 3363 3407 3539 964.370670 
0.997000 -0.216614 0.502738 3362 3406 3539 964.413330 
0.997000 -0.144248 -0.894491 3363 3405 3531 964.455990 
1.040000 -0.223398 0.200062 3363 3400 3525 964.498660 
1.040000 -0.094388 0.057833 3363 3407 3510 964.541320 
1.089000 0.007296 0.021689 3363 3407 3497 964.583980 
1.089000 -0.463582 0.413701 3362 3416 3479 964.626650 
1.089000 0.125503 -0.088329 3363 3406 3462 964.669310 
1.130000 0.125503 -0.088329 3371 3407 3461 964.711980 
1.130000 -0.260793 -0.116689 3374 3408 3467 964.754640 
1.167000 -0.071681 -0.646693 3383 3407 3478 964.797300 
1.167000 0.082550 0.000000 3386 3407 3475 964.839970 
1.204000 0.110319 -0.220938 3394 3407 3452 964.882630 
1.204000 -0.097404 -0.144374 3402 3407 3422 964.925290 
1.204000 0.355062 0.539578 3405 3407 3404 964.967960 
1.241000 -0.007855 0.088490 3412 3408 3419 965.010620 
1.241000 -0.268941 0.349743 3412 3408 3402 965.053280 
1.272000 -0.083844 -0.036685 3412 3406 3419 965.095950 
1.272000 0.001482 0.913468 3413 3407 3420 965.138610 
1.308000 -0.355890 -0.719087 3405 3408 3419 965.181270 
1.308000 0.247877 0.207006 3400 3407 3419 965.223940 
1.308000 0.148099 0.511606 3388 3406 3418 965.266600 
1.355000 0.042072 0.473532 3387 3408 3419 965.309270 
1.355000 0.449329 0.000000 3386 3406 3419 965.351930 
1.410000 0.000000 0.000000 3386 3407 3419 965.394590 
1.410000 0.657985 0.035594 3385 3416 3420 965.437260 
1.410000 0.155282 0.000000 3382 3408 3422 965.479920 
1.459000 -0.353197 0.000000 3382 3407 3431 965.522580 
1.459000 -0.128627 0.000000 3376 3408 3434 965.565250 
1.517000 -0.669529 -0.013470 3375 3406 3436 965.607910 
1.517000 -0.551313 -0.057487 3360 3408 3433 965.650570 
1.583000 -0.157326 0.120422 3371 3406 3432 965.693240 
1.583000 -0.124271 -0.420921 3369 3405 3430 965.735900 
1.583000 -0.045697 0.441979 3370 3405 3431 965.778560 
1.640000 -0.347984 -0.092069 3370 3405 3432 965.821230 
1.640000 -0.591987 1.294378 3367 3406 3438 965.863890 
1.702000 0.389552 0.922764 3358 3405 3450 965.906560 
1.702000 0.320981 1.609941 3352 3406 3463 965.949220 
1.762000 -0.357176 -0.318668 3351 3433 3469 965.991880 
1.762000 0.251395 -0.615731 3346 3392 3473 966.034550 
1.822000 0.898312 0.258674 3341 3390 3475 966.077210 
1.822000 0.535421 -0.395711 3337 3393 3494 966.119870 
1.822000 0.910465 0.643322 3328 3405 3459 966.162540 
1.886000 0.258920 0.440622 3325 3404 3436 966.205200 
1.886000 0.080956 -0.735066 3324 3402 3414 966.247860 
1.944000 -0.320765 -0.399769 3323 3399 3421 966.290530 
1.944000 0.224119 0.339257 3323 3398 3420 966.333190 
1.944000 0.466172 0.287070 3323 3398 3420 966.375850 
2.002000 -0.130001 -0.329280 3322 3391 3420 966.418520 
2.002000 0.181614 0.156541 3325 3356 3445 966.461180 
2.046000 -0.244221 -0.034958 3325 3366 3420 966.503850 
2.046000 -0.727736 0.326715 3324 3358 3421 966.546510 
2.094000 0.000000 0.000000 3325 3350 3422 966.589170 
2.094000 -0.029148 0.000000 3324 3341 3421 966.631840 
2.094000 -0.618836 0.493974 3325 3346 3421 966.674500 
2.131000 0.000000 0.363397 3324 3346 3424 966.717160 
2.131000 0.000000 -1.517597 3301 3347 3428 966.759830 
2.168000 1.220572 1.445554 3321 3351 3435 966.802490 
2.168000 0.371268 0.533171 3313 3354 3434 966.845150 
2.204000 0.033675 1.080217 3313 3368 3443 966.887820 
2.204000 -0.229386 -0.135017 3306 3383 3453 966.930480 
2.204000 -1.148905 0.906722 3305 3402 3455 966.973140 
2.220000 0.053767 0.677649 3298 3404 3458 967.015810 
2.220000 0.185147 0.042297 3313 3405 3459 967.058470 
2.250000 0.135298 -0.187430 3296 3408 3459 967.101140 
2.250000 -0.363796 0.254752 3283 3408 3455 967.143800 
2.270000 0.000000 -0.616553 3284 3407 3449 967.186460 
2.270000 -0.596649 0.393472 3283 3408 3443 967.229130 
2.270000 0.029723 0.781562 3283 3407 3444 967.271790 
2.267000 -0.414658 0.272498 3285 3409 3443 967.314450 
2.267000 -0.841590 0.822761 3283 3408 3447 967.357120 
2.263000 -0.264359 0.306502 3283 3394 3451 967.399780 
2.263000 0.287674 0.117697 3283 3409 3452 967.442440 
2.261000 0.462242 -1.191203 3285 3408 3449 967.485110 
2.261000 0.432585 -0.145415 3290 3409 3448 967.527770 
2.261000 0.215779 0.402102 3294 3409 3438 967.570430 
2.233000 0.230787 -0.359592 3304 3409 3430 967.613100 
2.233000 -0.631251 0.000000 3315 3409 3424 967.655760 
4.612000 0.516545 1.415706 3323 3407 3422 967.698430 
4.612000 0.041164 2.246611 3327 3407 3422 967.741090 
2.163000 0.380226 0.856003 3328 3408 3423 967.783750 
2.163000 -1.443951 2.259969 3328 3407 3430 967.826420 
2.163000 0.630514 0.227338 3328 3413 3433 967.869080 
2.117000 -1.191561 1.066351 3328 3408 3438 967.911740 
2.117000 -0.470962 2.987679 3328 3406 3438 967.954410 
2.069000 -0.175683 0.203235 3326 3407 3438 967.997070 
2.069000 -0.326809 -0.000493 3324 3407 3436 968.039730 
2.024000 0.212124 0.999621 3321 3407 3438 968.082400 
2.024000 0.273196 0.120364 3314 3406 3437 968.125060 
2.024000 0.250942 0.504758 3308 3406 3437 968.167720 
1.972000 -0.070555 0.510385 3305 3407 3437 968.210390 
1.972000 0.255117 0.398841 3304 3406 3438 968.253050 
1.930000 0.100339 0.645470 3304 3406 3441 968.295720 
1.930000 -0.347999 0.184847 3303 3406 3447 968.338380 
1.930000 -0.367411 -0.974497 3317 3406 3477 968.381040 
1.930000 0.358947 0.859345 3297 3406 3481 968.423710 
1.930000 1.733233 0.548558 3312 3406 3483 968.466370 
1.816000 0.446838 0.306431 3314 3406 3483 968.509030 
1.816000 0.222794 0.619591 3320 3406 3483 968.551700 
1.753000 0.034390 -0.103418 3325 3407 3481 968.594360 
1.753000 0.155013 -0.629871 3328 3406 3487 968.637020 
1.686000 -0.025520 0.752069 3331 3406 3487 968.679690 
1.686000 0.623751 -0.351502 3337 3406 3498 968.722350 
1.686000 0.000000 0.000000 3337 3420 3482 968.765010 
1.619000 0.043137 -0.060277 3341 3406 3513 968.807680 
1.619000 0.068118 0.239993 3342 3406 3513 968.850340 
1.542000 -0.173469 -0.775919 3346 3406 3511 968.893010 
1.542000 0.126549 0.416047 3346 3406 3505 968.935670 
1.471000 0.000000 -0.237108 3348 3406 3496 968.978330 
1.471000 0.406442 0.000000 3348 3407 3493 969.021000 
1.471000 0.071574 -0.223230 3350 3407 3492 969.063660 
1.394000 0.000000 0.000000 3350 3407 3491 969.106320 
1.394000 0.031777 0.175065 3350 3408 3488 969.148990 
1.320000 0.113357 0.509106 3350 3407 3479 969.191650 
1.320000 -0.002519 0.016573 3350 3407 3450 969.234310 
1.320000 0.356504 0.762807 3350 3408 3428 969.276980 
1.241000 0.120604 0.161440 3352 3407 3423 969.319640 
1.241000 -0.169600 -0.317026 3368 3407 3420 969.362300 
1.169000 0.297670 -0.176566 3382 3406 3419 969.404970 
1.169000 0.669078 0.162757 3388 3419 3418 969.447630 
1.094000 0.174127 -0.129557 3392 3406 3418 969.490300 
1.094000 -0.132309 -0.377187 3394 3406 3417 969.532960 
1.094000 0.000000 0.000000 3390 3406 3417 969.575620 
1.023000 -0.075711 0.155074 3383 3415 3418 969.618290 
1.023000 0.000000 0.000000 3370 3407 3418 969.660950 
0.955000 0.000000 0.000000 3362 3406 3418 969.703610 
0.955000 0.029998 -0.213748 3358 3406 3418 969.746280 
0.890000 -0.004752 0.083242 3351 3424 3417 969.788940 
0.890000 0.103409 0.000000 3350 3406 3417 969.831600 
0.890000 0.022745 0.001935 3350 3407 3417 969.874270 
0.827000 0.000000 0.000000 3363 3406 3410 969.916930 
0.827000 0.010736 -0.191723 3376 3409 3414 969.959590 
0.770000 0.110078 -0.368805 3380 3406 3402 970.002260 
0.770000 0.041981 0.272065 3382 3408 3394 970.044920 
0.711000 -0.170673 0.000000 3382 3406 3388 970.087590 
0.711000 -0.197729 -0.428557 3389 3393 3385 970.130250 
0.711000 0.115697 0.236010 3388 3406 3385 970.172910 
0.656000 -0.100071 -0.147927 3388 3401 3311 970.215580 
0.656000 0.119270 -0.105467 3378 3393 3383 970.258240 
0.596000 0.090565 0.000000 3389 3389 3383 970.300900 
0.596000 -0.184772 -0.124249 3390 3373 3388 970.343570 
0.547000 -0.033584 0.099105 3390 3365 3404 970.386230 
0.547000 -0.008853 0.034822 3392 3365 3418 970.428890 
0.547000 -0.101539 -0.014578 3396 3367 3419 970.471560 
0.510000 -0.154648 0.422157 3395 3369 3420 970.514220 
0.510000 0.011720 -0.190899 3396 3376 3421 970.556880 
0.470000 0.000000 0.000000 3402 3386 3437 970.599550 
0.470000 0.027830 0.151793 3402 3393 3463 970.642210 
0.447000 0.000000 0.000000 3402 3397 3478 970.684880 
0.447000 -0.303887 -0.149269 3402 3399 3488 970.727540 
0.447000 0.166694 0.089158 3402 3402 3487 970.770200 
0.433000 -0.388613 -0.058851 3401 3403 3485 970.812870 
0.433000 0.041269 0.000000 3402 3404 3479 970.855530 
0.404000 -0.026133 0.361486 3403 3405 3478 970.898190 
0.404000 -0.150046 0.071738 3403 3407 3474 970.940860 
0.400000 -0.030040 -0.016359 3405 3407 3473 970.983520 
0.400000 -0.183715 0.013229 3407 3407 3472 971.026180 
0.400000 -0.101773 -0.140712 3408 3408 3477 971.068850 
0.406000 0.173993 -0.041476 3408 3381 3514 971.111510 
0.406000 -0.079286 -0.004614 3408 3417 3509 971.154170 
0.429000 -0.103930 -0.334172 3406 3425 3515 971.196840 
0.429000 0.045741 -0.100803 3403 3428 3520 971.239500 
0.429000 -0.028788 0.011403 3397 3429 3543 971.282170 
0.446000 -0.191397 -0.087766 3391 3428 3507 971.324830 
0.446000 0.026898 -0.265074 3386 3424 3535 971.367490 
0.481000 -0.122998 -0.228339 3385 3421 3535 971.410160 
0.481000 -0.035591 0.000000 3381 3444 3526 971.452820 
0.510000 -0.203096 -0.168598 3379 3416 3503 971.495480 
0.510000 0.010559 -0.049603 3377 3393 3488 971.538150 
0.557000 0.017409 0.174195 3378 3409 3458 971.580810 
0.557000 -0.084780 0.130466 3375 3410 3431 971.580810
0.557000 0.001502 0.326377 3376 3410 3439 971.666140 
0.604000 0.150315 0.000000 3378 3410 3421 971.708800 
0.604000 0.000000 0.000000 3375 3410 3421 971.751460 
0.668000 -0.155756 0.504522 3377 3409 3421 971.794130 
0.668000 -0.095454 -0.222817 3376 3409 3421 971.836790 
0.668000 -0.117666 0.442265 3376 3380 3449 971.879460 
0.716000 -0.046829 0.106376 3384 3410 3420 971.922120 
0.716000 -0.141054 -0.041762 3382 3408 3421 971.964780 
0.771000 0.012331 0.248375 3386 3409 3422 972.007450 
0.771000 0.244552 -0.179589 3385 3409 3421 972.050110 
0.823000 0.011748 -0.969698 3386 3409 3433 972.092770 
0.823000 0.050675 -0.041647 3385 3408 3450 972.135440 
0.823000 0.291164 -0.105439 3383 3409 3488 972.178100 
0.874000 0.177151 0.682449 3382 3410 3503 972.220760 
0.874000 -0.115205 -0.071329 3378 3409 3516 972.263430 
0.927000 -0.060004 -0.247038 3376 3409 3520 972.306090 
0.927000 0.106272 -0.058154 3376 3408 3522 972.348750 
0.984000 0.168815 0.183355 3374 3408 3526 972.391420 
0.984000 -0.438238 -0.700817 3373 3409 3525 972.434080 
1.040000 0.048873 -0.070654 3374 3407 3523 972.476750 
1.040000 -0.167094 0.000000 3373 3407 3505 972.519410 
1.040000 0.000000 -0.541881 3374 3407 3490 972.562070 
1.096000 -0.019352 0.053690 3374 3406 3486 972.604740 
1.096000 -0.003683 0.282224 3378 3406 3492 972.647400 
1.153000 0.400545 0.459430 3384 3406 3518 972.690060 
1.153000 -0.062309 0.366059 3387 3406 3526 972.732730 
1.153000 -0.143343 -0.067616 3387 3406 3525 972.775390 
1.215000 0.000000 0.000000 3387 3407 3525 972.818050 
1.215000 0.310572 0.704637 3387 3406 3513 972.860720 
1.274000 -0.430637 -0.061353 3387 3408 3501 972.903380 
1.274000 -0.160249 0.689663 3387 3380 3464 972.946040 
1.332000 0.310991 0.016888 3388 3407 3461 972.988710 
1.332000 -0.064738 0.290464 3387 3406 3438 973.031370 
1.332000 1.173151 0.000000 3386 3405 3427 973.074040 
1.397000 0.107637 -0.226468 3385 3406 3422 973.116700 
1.397000 0.186046 0.246975 3383 3400 3422 973.159360 
1.466000 0.262257 1.356039 3376 3395 3421 973.202030 
1.466000 0.356594 0.037066 3373 3393 3401 973.244690 
1.530000 -0.081538 1.228699 3371 3391 3418 973.287350 
1.530000 0.000000 0.000000 3372 3391 3419 973.330020 
1.530000 -0.217199 0.028927 3369 3392 3419 973.372680 
1.608000 0.520501 -0.323058 3362 3392 3419 973.415340 
1.608000 -0.740194 -0.308522 3361 3393 3418 973.458010 
4.186000 -0.613306 1.737603 3350 3396 3420 973.500670 
4.186000 0.733689 0.270973 3340 3396 3419 973.543330 
1.743000 -0.201462 -1.223354 3324 3396 3419 973.586000 
1.743000 -0.496352 1.413071 3311 3396 3420 973.628660 
1.743000 0.251010 -0.174981 3305 3391 3420 973.671330 
1.809000 -0.240963 0.540463 3306 3390 3420 973.713990 
1.809000 -0.167613 -0.452356 3297 3383 3420 973.756650 
1.871000 0.771391 0.593288 3304 3376 3420 973.799320 
1.871000 1.429797 -0.164158 3305 3366 3419 973.841980 
1.945000 1.478180 0.971526 3304 3360 3419 973.884640 
1.945000 -0.136944 -0.038082 3287 3359 3420 973.927310 
1.945000 -0.000820 -0.015812 3305 3359 3420 973.969970 
1.945000 -0.069395 0.348873 3305 3346 3420 974.012630 
1.945000 0.521994 -0.358946 3304 3359 3421 974.055300 
2.046000 -0.627860 0.725951 3289 3359 3421 974.097960 
2.046000 -0.335673 -0.268983 3309 3359 3428 974.140630 
2.089000 0.246204 0.216692 3310 3356 3428 974.183290 
2.089000 -0.608818 0.153510 3309 3349 3462 974.225950 
2.089000 -0.329503 0.263534 3294 3342 3478 974.268620 
2.126000 0.558362 1.206552 3301 3335 3483 974.311280 
2.126000 0.194456 0.288136 3298 3352 3487 974.353940 
2.161000 -0.112103 0.220332 3298 3332 3492 974.396610 
2.161000 -0.621052 0.333115 3298 3333 3494 974.439270 
2.189000 0.201435 0.736393 3298 3342 3497 974.481930 
2.189000 -0.351643 0.367462 3294 3354 3505 974.524600 
2.189000 -0.239895 -0.147752 3291 3365 3516 974.567260 
2.206000 -0.029117 0.536538 3289 3373 3526 974.609920 
2.206000 -0.373907 0.759444 3289 3379 3531 974.652590 
2.206000 -0.215862 0.000000 3290 3385 3535 974.695250 
2.206000 -1.038470 0.113545 3289 3409 3536 974.737920 
2.206000 -0.623054 0.191620 3289 3391 3535 974.780580 
2.226000 -0.304588 0.235370 3290 3393 3534 974.823240 
2.226000 -0.880069 0.573331 3290 3395 3504 974.865910 
2.227000 -0.264014 0.428282 3290 3393 3479 974.908570 
2.227000 -0.196457 0.418622 3290 3394 3451 974.951230 
2.228000 -0.476478 0.995274 3285 3392 3428 974.993900 
2.228000 -0.179243 0.955901 3298 3389 3421 975.036560 
2.228000 -0.270158 -0.242778 3298 3387 3412 975.079220 
2.225000 -0.072786 0.136879 3297 3386 3420 975.121890 
2.225000 0.118652 0.424538 3320 3386 3397 975.164550 
2.203000 -0.087488 -0.054202 3298 3386 3420 975.207210 
2.203000 -0.295841 -0.022672 3318 3385 3419 975.249880 
2.172000 -0.849365 0.319661 3303 3385 3419 975.292540 
2.172000 -0.152188 0.328869 3298 3385 3420 975.335210 
2.146000 -0.960255 0.040195 3298 3383 3420 975.377870 
2.146000 0.251930 0.000000 3298 3385 3419 975.420530 
2.146000 -0.185475 0.101205 3298 3387 3420 975.463200 
2.119000 -0.070242 0.529630 3298 3387 3418 975.505860 
2.119000 -0.198517 -0.171303 3298 3387 3420 975.548520 
2.082000 -0.306173 0.110483 3277 3391 3419 975.591190 
2.082000 -0.181729 0.628134 3278 3393 3420 975.633850 
2.082000 -0.251546 -0.331821 3298 3399 3420 975.676510 
2.041000 -0.113290 0.265970 3286 3403 3419 975.719180 
2.041000 -0.195400 -0.271388 3302 3403 3419 975.761840 
2.004000 0.162252 -0.446893 3303 3404 3420 975.804500 
2.004000 0.943171 -0.169284 3304 3405 3420 975.847170 
1.950000 -0.132573 0.004993 3306 3423 3420 975.889830 
1.950000 -0.211941 0.030955 3309 3404 3419 975.932500 
1.950000 -0.065213 0.558637 3317 3404 3419 975.975160 
1.899000 0.101688 0.062764 3321 3404 3420 976.017820 
1.899000 -0.475156 -0.515347 3324 3406 3420 976.060490 
1.899000 0.110248 -0.126907 3331 3404 3420 976.103150 
1.899000 -0.241303 0.051207 3332 3406 3419 976.145810 
1.777000 -0.128292 -1.434973 3333 3405 3420 976.188480 
1.777000 -1.204178 -0.346995 3332 3423 3419 976.231140 
1.777000 -0.448061 -1.472708 3332 3402 3420 976.273800 
1.713000 -0.095089 -0.396740 3332 3404 3420 976.316470 
1.713000 0.360447 0.000000 3330 3406 3420 976.359130 
1.656000 1.278255 -0.536933 3339 3404 3434 976.401790 
1.656000 0.258179 -0.393502 3327 3406 3413 976.444460 
1.596000 0.132869 0.346190 3309 3404 3421 976.487120 
1.596000 -0.100522 0.000000 3324 3404 3421 976.529790 
1.596000 -0.096510 0.000000 3320 3407 3422 976.572450 
1.543000 -0.514392 -0.034747 3315 3406 3422 976.615110 
1.543000 0.050220 0.311348 3316 3406 3422 976.657780 
1.481000 -0.384765 0.147006 3314 3407 3422 976.700440 
1.481000 0.136520 0.221568 3313 3407 3422 976.743100 
1.430000 0.245261 0.246101 3313 3387 3422 976.785770 
1.430000 0.473429 0.238703 3313 3423 3421 976.828430 
1.430000 -0.361770 -0.026118 3313 3423 3451 976.871090 
1.373000 0.124664 0.097312 3313 3424 3422 976.913760 
1.373000 0.700820 0.212854 3313 3424 3429 976.956420 
1.313000 -0.228441 -0.202574 3315 3424 3465 976.999080 
1.313000 -0.277965 0.244004 3322 3422 3504 977.041750 
1.250000 0.820264 0.062767 3319 3420 3531 977.084410 
1.250000 0.131231 0.063851 3324 3418 3539 977.127080 
1.250000 -0.123487 0.299550 3330 3418 3541 977.169740 
1.188000 -0.211644 0.000000 3332 3417 3542 977.212400 
1.188000 -0.366507 0.126279 3335 3415 3541 977.255070 
1.118000 0.444603 0.000000 3319 3416 3538 977.297730 
1.118000 0.239658 0.208438 3335 3417 3532 977.340390 
1.048000 -0.153023 0.000000 3335 3424 3530 977.383060 
1.048000 0.624146 -0.109215 3342 3432 3524 977.425720 
1.048000 -0.115406 0.186588 3358 3464 3511 977.468380 
0.976000 -0.115041 0.299689 3381 3478 3480 977.511050 
0.976000 0.572565 -0.525859 3395 3474 3460 977.553710 
0.900000 -0.154960 -0.038768 3406 3456 3443 977.596370 
0.900000 -0.127826 0.031330 3413 3439 3433 977.639040 
0.824000 -0.669127 0.308274 3428 3423 3424 977.681700 
0.824000 -0.180801 -0.095091 3433 3410 3422 977.724370 
0.824000 0.205503 0.000000 3435 3409 3421 977.767030 
0.748000 0.278321 0.128505 3436 3409 3419 977.809690 
0.748000 -0.042403 -0.049741 3446 3408 3418 977.852360 
0.677000 0.141669 -0.006790 3445 3408 3418 977.895020 
0.677000 -0.052398 -0.030214 3444 3409 3418 977.937680 
0.612000 0.151057 -0.054608 3443 3407 3418 977.980350 
0.612000 0.234383 0.036588 3437 3407 3418 978.023010 
0.612000 -0.050036 -0.004747 3421 3408 3419 978.065670 
0.561000 -0.126499 -0.182225 3405 3434 3420 978.108340 
0.561000 0.070570 -0.204113 3394 3411 3391 978.151000 
0.532000 -0.058183 -0.210369 3389 3398 3423 978.193660 
0.532000 0.171442 -0.025958 3386 3399 3433 978.236330 
0.512000 0.128268 0.047710 3382 3403 3451 978.278990 
0.512000 0.275124 0.135449 3375 3406 3438 978.321660 
0.512000 0.045161 0.242232 3372 3392 3437 978.364320 
0.512000 0.110493 0.049527 3371 3406 3414 978.406980 
0.512000 0.047151 0.007811 3372 3405 3438 978.449650 
0.500000 -0.038646 0.173085 3372 3423 3436 978.492310 
0.500000 -0.053783 -0.063614 3372 3405 3411 978.534970 
0.500000 -0.015161 0.044191 3371 3404 3442 978.577640 
0.503000 -0.060070 -0.000528 3371 3405 3436 978.620300 
0.503000 0.000000 -0.031688 3394 3407 3455 978.662960 
0.512000 -0.046336 -0.165345 3387 3408 3464 978.705630 
0.512000 -0.020293 -0.030417 3369 3406 3472 978.748290 
0.520000 -0.037807 0.028557 3369 3406 3480 978.790950 
0.520000 -0.059237 -0.047746 3374 3406 3482 978.833620 
0.530000 0.105398 0.000000 3355 3406 3485 978.876280 
0.530000 0.121513 -0.059918 3368 3412 3485 978.918950 
0.530000 0.029969 0.000000 3396 3407 3487 978.961610 
0.545000 -0.047313 -0.003513 3402 3406 3488 979.004270 
0.545000 0.034111 0.045647 3404 3406 3491 979.046940 
0.556000 -0.234316 -0.103532 3406 3406 3505 979.089600 
0.556000 0.000000 0.000000 3407 3413 3509 979.132260 
0.572000 0.059466 0.094673 3407 3406 3514 979.174930 
0.572000 -0.309699 -0.104703 3407 3406 3516 979.217590 
0.572000 0.055558 0.080694 3406 3406 3516 979.260250 
0.592000 0.073330 -0.124566 3406 3408 3465 979.302920 
0.592000 -0.154943 0.130380 3406 3406 3479 979.345580 
0.617000 -0.128213 -0.024875 3406 3406 3451 979.388240 
0.617000 -0.097666 -0.254415 3410 3400 3433 979.430910 
0.617000 -0.273249 0.201827 3421 3397 3423 979.473570 
0.654000 -0.031121 0.574729 3425 3393 3421 979.516240 
0.654000 -0.094927 0.278119 3428 3386 3421 979.558900 
0.687000 0.000000 0.000000 3428 3387 3421 979.601560 
0.687000 0.000000 0.000000 3427 3386 3421 979.644230 
0.731000 0.000000 0.036232 3424 3388 3421 979.686890 
0.731000 0.000000 0.000000 3419 3389 3421 979.729550 
0.731000 0.254666 0.147359 3420 3392 3421 979.772220 
0.780000 -0.433138 -0.053248 3414 3424 3420 979.814880 
0.780000 0.169784 -0.206383 3413 3395 3422 979.857540 
0.836000 -0.033531 -0.001763 3411 3395 3426 979.900210 
0.836000 -0.399670 0.000000 3410 3394 3427 979.942870 
0.900000 0.173898 0.007121 3408 3395 3431 979.985530 
0.900000 0.339141 0.106514 3406 3394 3430 980.028200 
0.900000 -0.414574 -0.152898 3400 3367 3461 980.070860 
0.968000 -0.958776 -0.098297 3388 3393 3438 980.113530 
0.968000 0.194198 -0.009717 3384 3394 3436 980.156190 
1.046000 0.000000 0.000000 3378 3393 3437 980.198850 
1.046000 0.069275 0.042030 3378 3394 3439 980.241520 
1.127000 -0.284404 0.366821 3376 3393 3439 980.284180 
1.127000 -0.156967 -0.049087 3377 3394 3440 980.326840 
1.127000 -0.017000 -0.188663 3377 3393 3440 980.369510 
1.215000 -0.346956 0.310082 3371 3394 3441 980.412170 
1.215000 -0.022578 0.586954 3392 3393 3440 980.454830 
1.296000 -0.138913 0.231520 3366 3393 3441 980.497500 
1.296000 -0.206866 0.290863 3368 3394 3443 980.540160 
1.379000 0.105300 -1.696616 3362 3393 3444 980.582820 
1.379000 0.067253 -0.612014 3362 3392 3450 980.625490 
1.379000 0.000000 0.000000 3362 3390 3456 980.668150 
1.462000 -0.268536 -0.516284 3383 3389 3464 980.710820 
1.462000 0.082385 0.588300 3354 3388 3476 980.753480 
1.540000 -0.116077 -0.178506 3371 3387 3489 980.796140 
1.540000 -0.071664 0.036871 3372 3386 3497 980.838810 
1.616000 -0.275033 -0.364625 3370 3386 3503 980.881470 
1.616000 -0.223178 -0.276365 3365 3387 3502 980.924130 
1.616000 -0.118141 -0.165794 3359 3387 3517 980.966800 
1.698000 -0.529410 -0.482391 3360 3386 3517 981.009460 
1.698000 0.514549 0.264370 3359 3416 3517 981.052120 
1.773000 0.480904 0.990484 3359 3386 3508 981.094790 
1.773000 1.030485 -0.422509 3359 3387 3498 981.137450 
1.851000 -0.511932 0.009056 3358 3389 3476 981.180110 
1.851000 0.476332 -0.017249 3337 3395 3449 981.222780 
1.851000 0.035506 -0.118081 3327 3419 3440 981.265440 
1.927000 1.140376 0.000000 3324 3402 3438 981.308110 
1.927000 1.199768 -0.583299 3324 3378 3465 981.350770 
1.994000 -0.358155 0.046721 3321 3407 3439 981.393430 
1.994000 0.202485 0.168242 3320 3374 3469 981.436100 
1.994000 0.021345 -0.133877 3320 3393 3455 981.478760 
2.059000 -0.316143 -0.220454 3318 3403 3451 981.521420 
2.059000 0.058884 0.339909 3317 3402 3459 981.564090 
2.124000 -0.393834 -0.380183 3316 3402 3460 981.606750 
2.124000 -0.630158 0.696446 3314 3402 3466 981.649410 
2.176000 -0.137187 -0.166031 3317 3402 3467 981.692080 
2.176000 -0.096915 -0.034176 3333 3402 3448 981.734740 
2.176000 1.246944 0.408176 3309 3398 3467 981.777400 
2.224000 1.351533 0.583343 3303 3404 3467 981.820070 
2.224000 0.014300 -0.212955 3300 3403 3467 981.862730 
2.278000 -0.604477 0.706186 3299 3402 3466 981.905400 
2.278000 -0.132125 0.199923 3295 3402 3463 981.948060 
2.315000 1.495533 0.000000 3296 3402 3463 981.990720 
2.315000 -0.034200 0.067840 3294 3402 3459 982.033390 
2.357000 0.590222 0.333537 3288 3403 3456 982.076050 
2.357000 1.583993 0.000000 3288 3403 3453 982.118710 
2.357000 1.595567 0.000000 3288 3403 3449 982.161380 
2.376000 0.180115 0.271379 3297 3402 3445 982.204040 
2.376000 1.842360 0.993256 3287 3402 3435 982.246700 
2.391000 -0.216137 0.861138 3282 3402 3427 982.289370 
2.391000 1.230766 -1.468683 3281 3402 3422 982.332030 
2.391000 1.277395 -0.542603 3282 3401 3421 982.374690 
2.413000 0.957432 -0.394550 3283 3398 3421 982.417360 
2.413000 0.170868 -0.215552 3282 3397 3421 982.460020 
2.422000 1.124457 -1.527558 3283 3393 3421 982.502690 
2.422000 1.330129 -0.999946 3284 3395 3421 982.545350 
2.434000 0.161736 0.663905 3286 3394 3420 982.588010 
2.434000 0.421196 -0.135882 3292 3393 3422 982.630680 
2.434000 0.033978 0.000000 3296 3393 3420 982.673340 
2.400000 0.620852 -2.193203 3297 3393 3421 982.716000 
2.400000 -0.006233 0.566825 3298 3392 3421 982.758670 
2.386000 -0.355199 0.394813 3298 3392 3421 982.801330 
2.386000 -0.161443 -0.664811 3299 3391 3421 982.843990 
2.342000 -0.644066 0.169577 3300 3392 3421 982.886660 
2.342000 -0.509904 -0.259292 3301 3391 3420 982.929320 
2.342000 -0.891847 0.488043 3307 3392 3421 982.971980 
2.309000 -0.333890 -0.610649 3314 3408 3421 983.014650 
2.309000 0.000000 0.429212 3315 3391 3421 983.057310 
2.250000 -0.187272 0.176317 3325 3390 3421 983.099980 
2.250000 0.076759 0.317522 3332 3391 3423 983.142640 
2.209000 0.547664 0.938126 3335 3391 3422 983.185300 
2.209000 0.054925 1.168147 3337 3393 3422 983.227970 
2.209000 0.394573 1.128428 3338 3405 3422 983.270630 
2.153000 -0.723669 0.071093 3336 3388 3422 983.313290 
2.153000 -0.397360 0.462919 3337 3392 3422 983.355960 
2.097000 -0.646671 0.446860 3337 3391 3433 983.398620 
2.097000 -0.460164 -0.029561 3334 3392 3422 983.441280 
2.029000 -0.229167 0.769709 3335 3393 3421 983.483950 
2.029000 0.647014 1.044094 3335 3392 3400 983.526610 
2.029000 -0.674115 0.530373 3334 3391 3422 983.569270 
1.970000 -0.345466 -0.077687 3335 3391 3462 983.611940 
1.970000 -0.549085 0.157768 3333 3391 3408 983.654600 
1.904000 -1.273307 0.596177 3334 3392 3422 983.697270 
1.904000 0.415946 0.168421 3335 3393 3422 983.739930 
1.838000 -0.877104 0.557648 3334 3394 3422 983.782590 
1.838000 -0.600778 0.226839 3334 3395 3422 983.825260 
1.838000 -0.253109 0.490140 3336 3396 3420 983.867920 
1.768000 -0.166213 0.677281 3337 3396 3422 983.910580 
1.768000 0.392692 0.845801 3342 3397 3427 983.953250 
1.708000 -0.250263 0.335107 3345 3397 3437 983.995910 
1.708000 -0.706967 -0.672829 3348 3390 3439 984.038570 
1.641000 -0.584520 -0.082016 3346 3398 3443 984.081240 
1.641000 -0.337752 -0.325373 3349 3397 3451 984.123900 
1.641000 -0.135822 -0.064674 3348 3398 3450 984.166560 
1.572000 0.256372 -0.239432 3347 3398 3451 984.209230 
1.572000 -0.046738 0.462965 3348 3398 3451 984.251890 
1.507000 0.056488 0.310066 3349 3398 3450 984.294560 
1.507000 0.283316 0.331474 3348 3397 3451 984.337220 
1.441000 -0.144336 -0.182709 3348 3397 3449 984.379880 
1.441000 -0.056012 -0.094570 3349 3398 3451 984.422550 
1.441000 0.126900 -0.232796 3349 3398 3450 984.465210 
1.384000 -0.045786 0.068258 3348 3397 3451 984.507870 
1.384000 0.285880 -0.248363 3348 3399 3451 984.550540 
1.327000 0.000000 -0.405139 3348 3398 3451 984.593200 
1.327000 0.243022 0.054570 3348 3399 3451 984.635860 
1.268000 -0.137556 -0.152884 3347 3398 3449 984.678530 
1.268000 0.473321 0.338146 3349 3399 3448 984.721190 
1.268000 0.044830 0.000000 3348 3425 3448 984.763850 
1.212000 -0.219315 0.026804 3350 3399 3444 984.806520 
1.212000 0.000000 -0.520311 3353 3428 3445 984.849180 
1.155000 -0.241458 0.444972 3360 3430 3442 984.891850 
1.155000 0.311476 0.027754 3352 3404 3443 984.934510 
1.155000 -0.675033 0.000000 3366 3406 3439 984.977170 
1.101000 -0.263648 0.000000 3380 3396 3440 985.019840 
1.101000 0.313620 0.350570 3394 3410 3434 985.062500 
1.047000 -0.047512 0.120819 3398 3413 3427 985.062500
1.047000 0.038343 0.356572 3406 3410 3421 985.147830 
0.997000 0.000000 0.000000 3407 3430 3420 985.190490 
0.997000 0.244289 0.184598 3408 3408 3421 985.233150 
0.997000 0.619607 -0.688321 3407 3408 3420 985.275820 
0.950000 0.334365 -0.200225 3398 3408 3419 985.318480 
0.950000 -0.149645 0.266338 3375 3407 3441 985.361150 
0.909000 0.164899 0.132700 3355 3407 3420 985.403810 
0.909000 -0.186531 0.430996 3333 3406 3419 985.446470 
0.877000 0.007958 -0.139773 3349 3408 3407 985.489140 
0.877000 0.095059 0.124004 3348 3412 3420 985.531800 
0.877000 0.261597 -0.253675 3349 3406 3399 985.574460 
0.846000 -0.013749 -0.057431 3354 3406 3420 985.617130 
0.846000 0.125712 0.050761 3359 3405 3420 985.659790 
0.825000 -0.216376 0.000000 3360 3406 3420 985.702450 
0.825000 0.000000 0.000000 3360 3386 3441 985.745120 
0.795000 0.000000 0.000000 3364 3406 3421 985.787780 
0.795000 0.000000 0.285273 3363 3404 3422 985.830440 
0.795000 -0.104790 0.183416 3365 3405 3422 985.873110 
0.764000 0.000000 0.000000 3365 3404 3421 985.915770 
0.764000 0.176046 0.082041 3366 3404 3422 985.958440 
0.740000 0.069900 0.238585 3365 3404 3423 986.001100 
0.740000 0.000000 0.000000 3364 3404 3425 986.043760 
0.717000 -0.357974 -0.573896 3365 3405 3424 986.086430 
0.717000 0.225622 -0.031261 3365 3391 3422 986.129090 
0.717000 0.191764 0.000000 3365 3404 3424 986.171750 
0.698000 -0.038107 -0.214414 3363 3404 3423 986.214420 
0.698000 0.054010 0.102759 3360 3404 3423 986.257080 
0.682000 0.062592 0.112468 3353 3405 3422 986.299740 
0.682000 0.144116 0.196577 3350 3405 3423 986.342410 
0.666000 0.000000 0.000000 3347 3409 3423 986.385070 
0.666000 0.079897 0.051662 3343 3408 3427 986.427730 
0.666000 -0.311237 0.300582 3332 3411 3436 986.470400 
0.656000 0.080109 0.073107 3325 3413 3439 986.513060 
0.656000 -0.068295 0.179497 3321 3422 3440 986.555730 
0.645000 0.238818 -0.048290 3319 3415 3439 986.598390 
0.645000 0.009078 0.000000 3320 3415 3439 986.641050 
0.631000 0.062926 0.000000 3322 3414 3436 986.683720 
0.631000 0.092294 -0.122191 3325 3411 3436 986.726380 
0.631000 0.091869 0.000000 3329 3411 3431 986.769040 
0.615000 0.160251 0.000000 3331 3409 3432 986.811710 
0.615000 0.242632 0.000000 3330 3409 3431 986.854370 
0.597000 0.161894 0.206161 3330 3410 3432 986.897030 
0.597000 0.099630 0.000000 3330 3423 3431 986.939700 
0.597000 0.000000 0.000000 3330 3434 3441 986.982360 
0.580000 -0.010738 -0.038647 3329 3409 3418 987.025020 
0.580000 0.043504 -0.259575 3323 3409 3436 987.067690 
0.551000 0.037975 0.043470 3313 3408 3437 987.110350 
0.551000 -0.007171 -0.027378 3310 3409 3439 987.153020 
0.528000 0.027877 -0.175728 3306 3409 3441 987.195680 
0.528000 -0.105669 0.122485 3309 3409 3444 987.238340 
0.499000 0.096704 0.215927 3308 3409 3444 987.281010 
0.499000 0.017837 -0.138337 3307 3409 3457 987.323670 
0.499000 0.072222 -0.152631 3309 3407 3462 987.366330 
0.469000 0.125859 -0.009998 3306 3406 3466 987.409000 
0.469000 -0.021702 -0.111829 3310 3405 3469 987.451660 
0.439000 0.000000 0.000000 3310 3401 3473 987.494320 
0.439000 -0.022585 0.000000 3311 3398 3473 987.536990 
0.394000 -0.124901 -0.100936 3315 3392 3462 987.579650 
0.394000 0.000000 0.000000 3326 3390 3471 987.622310 
0.394000 0.000000 0.000000 3332 3386 3467 987.664980 
0.368000 0.000000 0.000000 3336 3382 3460 987.707640 
0.368000 0.000000 0.000000 3337 3380 3452 987.750310 
0.320000 0.000000 0.000000 3337 3377 3443 987.792970 
0.320000 0.000000 0.000000 3337 3379 3442 987.835630 
0.300000 0.000000 0.000000 3332 3383 3442 987.878300 
0.300000 0.000000 0.000000 3313 3394 3438 987.920960 
0.300000 0.000000 0.000000 3294 3364 3439 987.963620 
0.300000 0.000000 0.000000 3270 3404 3435 988.006290 
0.300000 0.000000 0.000000 3229 3385 3439 988.048950 
0.300000 0.000000 0.000000 3105 3383 3421 988.091610 
0.300000 0.000000 0.000000 2985 3384 3419 988.134280 
0.300000 0.000000 0.000000 2795 3403 3420 988.176940 
0.417000 0.000000 0.000000 2567 3404 3398 988.219600 
0.417000 0.000000 0.000000 2569 3359 3451 988.262270 
2.045000 0.000000 0.000000 2569 3404 3419 988.3
2.045000 0.000000 0.000000 2569 3407 3417 988.347600 
4.545000 0.000000 0.000000 2570 3362 3462 988.390260 
4.545000 0.000000 0.000000 2569 3408 3417 988.432920 
4.545000 0.000000 0.000000 2570 3428 3418 988.475590 
0.399000 0.000000 0.000000 2570 3427 3418 988.518250 
0.399000 0.000000 0.000000 2593 3432 3406 988.560910 
0.484000 0.000000 0.000000 2598 3443 3416 988.603580 
0.484000 0.000000 0.000000 2570 3444 3417 988.646240 
0.366000 0.000000 0.000000 2569 3441 3417 988.688900 
0.366000 0.000000 0.000000 2586 3437 3417 988.731570 
0.366000 0.000000 0.000000 2569 3429 3417 988.774230 
0.455000 0.000000 0.000000 2570 3421 3417 988.816890 
0.455000 0.000000 0.000000 2569 3411 3417 988.859560 
4.080000 0.000000 0.000000 2563 3412 3417 988.902220 
4.080000 0.000000 0.000000 2570 3411 3417 988.944890 
0.369000 0.000000 0.000000 2566 3410 3418 988.987550 
0.369000 0.000000 0.000000 2569 3409 3417 989.030210 
0.369000 0.000000 0.000000 2545 3425 3417 989.072880 
0.453000 0.000000 0.000000 2569 3468 3417 989.115540 
0.453000 0.000000 0.000000 2570 3467 3417 989.158200 
0.369000 0.000000 0.000000 2570 3463 3417 989.200870 
0.369000 0.000000 0.000000 2640 3402 3415 989.243530 
0.440000 0.000000 0.000000 2671 3407 3420 989.286190 
0.440000 0.000000 0.000000 2672 3408 3419 989.328860 
0.440000 0.000000 0.000000 2670 3407 3420 989.371520 
0.451000 0.000000 0.000000 2670 3408 3418 989.414180 
0.451000 0.000000 0.000000 2670 3408 3420 989.456850 
0.452000 0.000000 0.000000 2671 3407 3419 989.499510 
0.452000 0.000000 0.000000 2670 3407 3420 989.542180 
0.449000 0.000000 0.000000 2668 3407 3419 989.584840 
0.449000 0.000000 0.000000 2671 3408 3419 989.627500 
0.449000 0.000000 0.000000 2671 3406 3418 989.670170 
0.456000 0.000000 0.000000 2669 3407 3420 989.712830 
0.456000 0.000000 0.000000 2672 3410 3419 989.755490 
0.449000 0.000000 0.000000 2670 3407 3419 989.798160 
0.449000 0.000000 0.000000 2671 3407 3419 989.840820 
0.452000 0.000000 0.000000 2670 3407 3419 989.883480 
0.452000 0.000000 0.000000 2658 3408 3419 989.926150 
0.452000 0.000000 0.000000 2799 3407 3398 989.968810 
0.444000 0.000000 0.000000 2799 3407 3420 990.011470 
0.444000 0.000000 0.000000 2799 3407 3415 990.054140 
0.452000 0.000000 0.000000 2799 3407 3420 990.096800 
0.452000 0.000000 0.000000 2799 3407 3420 990.139470 
0.452000 0.000000 0.000000 2799 3407 3420 990.182130 
0.446000 0.000000 0.000000 2799 3408 3419 990.224790 
0.446000 0.000000 0.000000 2799 3408 3420 990.267460 
0.396000 0.000000 0.000000 2805 3408 3420 990.310120 
0.396000 0.000000 0.000000 2798 3408 3420 990.352780 
0.449000 0.000000 0.000000 2799 3407 3420 990.395450 
0.449000 0.000000 0.000000 2824 3408 3419 990.438110 
0.457000 0.000000 0.000000 2799 3407 3419 990.480770 
0.457000 0.000000 0.000000 2799 3407 3420 990.523440 
0.457000 0.000000 0.000000 2799 3408 3420 990.566100 
0.452000 0.000000 0.000000 2798 3407 3420 990.608760 
0.452000 0.000000 0.000000 2796 3407 3420 990.651430 
0.460000 0.000000 0.000000 2797 3407 3420 990.694090  