0.460000 0.000000 0.000000 2794 3408 3419 990.779420 
0.446000 0.000000 0.000000 2794 3407 3421 990.822080 
0.446000 0.000000 0.000000 2794 3406 3421 990.864750 
0.455000 0.000000 0.000000 2793 3407 3420 990.907410 
0.455000 0.000000 0.000000 2794 3408 3419 990.950070 
0.455000 0.000000 0.000000 2794 3408 3420 990.992740 
0.455000 0.000000 0.000000 2794 3406 3419 991.035400 
0.455000 0.000000 0.000000 2791 3415 3420 991.078060 
0.450000 0.000000 0.000000 2795 3407 3419 991.120730 
0.450000 0.000000 0.000000 2794 3407 3420 991.163390 
0.462000 0.000000 0.000000 2795 3410 3420 991.206050 
0.462000 0.000000 0.000000 2794 3408 3420 991.248720 
0.447000 0.000000 0.000000 2795 3407 3423 991.291380 
0.447000 0.000000 0.000000 2795 3421 3419 991.334050 
0.447000 0.000000 0.000000 2795 3407 3420 991.376710 
0.460000 0.000000 0.000000 2794 3406 3420 991.419370 
0.460000 0.000000 0.000000 2794 3407 3419 991.462040 
0.449000 0.000000 0.000000 2794 3408 3419 991.504700 
0.449000 0.000000 0.000000 2793 3408 3420 991.547360 
0.448000 0.000000 0.000000 2814 3407 3420 991.590030 
0.448000 0.000000 0.000000 2794 3407 3431 991.632690 
0.448000 0.000000 0.000000 2794 3409 3420 991.675350 
0.450000 0.000000 0.000000 2793 3408 3419 991.718020 
0.450000 0.000000 0.000000 2794 3405 3399 991.760680 
0.454000 0.000000 0.000000 2795 3408 3419 991.803340 
0.454000 0.000000 0.000000 2793 3407 3419 991.846010 
0.450000 0.000000 0.000000 2793 3407 3414 991.888670 
0.450000 0.000000 0.000000 2807 3407 3419 991.931340 
0.450000 0.000000 0.000000 2817 3408 3420 991.974000 
0.448000 0.000000 0.000000 2794 3406 3373 992.016660 
0.448000 0.000000 0.000000 2811 3407 3420 992.059330 
0.444000 0.000000 0.000000 2793 3408 3420 992.101990 
0.444000 0.000000 0.000000 2824 3407 3419 992.144650 
0.447000 0.000000 0.000000 2794 3407 3420 992.187320 
0.447000 0.000000 0.000000 2793 3409 3418 992.229980 
0.447000 0.000000 0.000000 2856 3407 3420 992.272640 
0.447000 0.000000 0.000000 2794 3408 3420 992.315310 
0.447000 0.000000 0.000000 2793 3407 3420 992.357970 
0.451000 0.000000 0.000000 2795 3407 3419 992.400630 
0.451000 0.000000 0.000000 2794 3406 3420 992.443300 
0.449000 0.000000 0.000000 2795 3407 3420 992.485960 
0.449000 0.000000 0.000000 2794 3407 3420 992.528630 
0.449000 0.000000 0.000000 2794 3407 3419 992.571290 
0.452000 0.000000 0.000000 2806 3407 3420 992.613950 
0.452000 0.000000 0.000000 2794 3416 3419 992.656620 
0.453000 0.000000 0.000000 2794 3407 3420 992.699280 
0.453000 0.000000 0.000000 2795 3407 3420 992.741940 
0.446000 0.000000 0.000000 2795 3407 3420 992.784610 
0.446000 0.000000 0.000000 2794 3397 3420 992.827270 
0.446000 0.000000 0.000000 2795 3386 3420 992.869930 
0.451000 0.000000 0.000000 2794 3408 3420 992.912600 
0.451000 0.000000 0.000000 2793 3408 3420 992.955260 
0.450000 0.000000 0.000000 2794 3395 3419 992.997920 
0.450000 0.000000 0.000000 2795 3407 3420 993.040590 
0.450000 0.000000 0.000000 2795 3408 3420 993.083250 
0.450000 0.000000 0.000000 2793 3407 3419 993.125920 
0.450000 0.000000 0.000000 2794 3408 3420 993.168580 
0.455000 0.000000 0.000000 2793 3407 3420 993.211240 
0.455000 0.000000 0.000000 2792 3406 3418 993.253910 
0.455000 0.000000 0.000000 2794 3407 3419 993.296570 
0.455000 0.000000 0.000000 2793 3407 3421 993.339230 
0.452000 0.000000 0.000000 2795 3406 3419 993.381900 
0.452000 0.000000 0.000000 2802 3407 3421 993.424560 
0.452000 0.000000 0.000000 2811 3408 3420 993.467220 
0.455000 0.000000 0.000000 2795 3408 3432 993.509890 
0.455000 0.000000 0.000000 2793 3407 3420 993.552550 
0.452000 0.000000 0.000000 2799 3407 3419 993.595210 
0.452000 0.000000 0.000000 2770 3408 3408 993.637880 
0.452000 0.000000 0.000000 2822 3408 3420 993.680540 
0.452000 0.000000 0.000000 2792 3407 3419 993.723210 
0.452000 0.000000 0.000000 2780 3408 3420 993.765870 
0.452000 0.000000 0.000000 2794 3408 3420 993.808530 
0.452000 0.000000 0.000000 2794 3407 3419 993.851200 
0.456000 0.000000 0.000000 2793 3406 3420 993.893860 
0.456000 0.000000 0.000000 2794 3407 3420 993.936520 
0.456000 0.000000 0.000000 2794 3408 3419 993.979190 
0.458000 0.000000 0.000000 2794 3408 3420 994.021850 
0.458000 0.000000 0.000000 2793 3407 3420 994.064510 
0.454000 0.000000 0.000000 2793 3407 3420 994.107180 
0.454000 0.000000 0.000000 2794 3407 3420 994.149840 
0.456000 0.000000 0.000000 2794 3408 3420 994.192500 
0.456000 0.000000 0.000000 2793 3407 3420 994.235170 
0.453000 0.000000 0.000000 2794 3407 3420 994.277830 
0.453000 0.000000 0.000000 2794 3408 3420 994.320500 
0.453000 0.000000 0.000000 2794 3409 3420 994.363160 
0.451000 0.000000 0.000000 2794 3408 3419 994.405820 
0.451000 0.000000 0.000000 2795 3407 3421 994.448490 
0.456000 0.000000 0.000000 2795 3408 3420 994.491150 
0.456000 0.000000 0.000000 2795 3407 3420 994.533810 
0.456000 0.000000 0.000000 2794 3407 3420 994.576480 
0.452000 0.000000 0.000000 2793 3407 3420 994.619140 
0.452000 0.000000 0.000000 2793 3406 3420 994.661800 
0.454000 0.000000 0.000000 2794 3409 3420 994.704470 
0.454000 0.000000 0.000000 2794 3408 3438 994.747130 
0.451000 0.000000 0.000000 2794 3407 3419 994.789790 
0.451000 0.000000 0.000000 2793 3407 3421 994.832460 
0.451000 0.000000 0.000000 2793 3406 3426 994.875120 
0.456000 0.000000 0.000000 2793 3407 3420 994.917790 
0.456000 0.000000 0.000000 2794 3408 3419 994.960450 
0.458000 0.000000 0.000000 2795 3408 3420 995.003110 
0.458000 0.000000 0.000000 2793 3406 3420 995.045780 
0.456000 0.000000 0.000000 2795 3406 3420 995.088440 
0.456000 0.000000 0.000000 2794 3407 3420 995.131100 
0.456000 0.000000 0.000000 2792 3406 3420 995.173770 
0.454000 0.000000 0.000000 2793 3407 3421 995.216430 
0.454000 0.000000 0.000000 2795 3406 3419 995.259090 
0.450000 0.000000 0.000000 2795 3407 3420 995.301760 
0.450000 0.000000 0.000000 2793 3408 3420 995.344420 
0.454000 0.000000 0.000000 2794 3408 3419 995.387080 
0.454000 0.000000 0.000000 2793 3408 3420 995.429750 
0.454000 0.000000 0.000000 2793 3408 3420 995.472410 
0.452000 0.000000 0.000000 2794 3408 3420 995.515080 
0.452000 0.000000 0.000000 2793 3407 3420 995.557740 
0.452000 0.000000 0.000000 2792 3406 3421 995.600400 
0.452000 0.000000 0.000000 2794 3407 3419 995.643070 
0.456000 0.000000 0.000000 2794 3407 3420 995.685730 
0.456000 0.000000 0.000000 2793 3406 3421 995.728390 
0.456000 0.000000 0.000000 2794 3407 3419 995.771060 
0.454000 0.000000 0.000000 2793 3407 3420 995.813720 
0.454000 0.000000 0.000000 2794 3406 3420 995.856380 
0.458000 0.000000 0.000000 2794 3408 3420 995.899050 
0.458000 0.000000 0.000000 2795 3406 3420 995.941710 
0.460000 0.000000 0.000000 2794 3407 3420 995.984380 
0.460000 0.000000 0.000000 2794 3408 3420 996.027040 
0.460000 0.000000 0.000000 2793 3407 3420 996.069700 
0.458000 0.000000 0.000000 2794 3407 3420 996.112370 
0.458000 0.000000 0.000000 2793 3407 3419 996.155030 
0.374000 0.000000 0.000000 2793 3407 3420 996.197690 
0.374000 0.000000 0.000000 2794 3407 3419 996.240360 
0.457000 0.000000 0.000000 2795 3408 3419 996.283020 
0.457000 0.000000 0.000000 2794 3407 3419 996.325680 
0.457000 0.000000 0.000000 2793 3407 3420 996.368350 
0.457000 0.000000 0.000000 2795 3408 3419 996.411010 
0.457000 0.000000 0.000000 2793 3407 3420 996.453670 
0.454000 0.000000 0.000000 2793 3407 3420 996.496340 
0.454000 0.000000 0.000000 2794 3406 3420 996.539000 
0.454000 0.000000 0.000000 2794 3407 3419 996.581670 
0.459000 0.000000 0.000000 2794 3407 3420 996.624330 
0.459000 0.000000 0.000000 2793 3445 3420 996.666990 
0.459000 0.000000 0.000000 2794 3409 3419 996.709660 
0.459000 0.000000 0.000000 2794 3383 3444 996.752320 
0.457000 0.000000 0.000000 2794 3408 3420 996.794980 
0.457000 0.000000 0.000000 2794 3408 3420 996.837650 
0.457000 0.000000 0.000000 2794 3391 3420 996.880310 
0.460000 0.000000 0.000000 2793 3407 3420 996.922970 
0.460000 0.000000 0.000000 2793 3407 3419 996.965640 
0.457000 0.000000 0.000000 2793 3407 3420 997.008300 
0.457000 0.000000 0.000000 2794 3408 3419 997.050960 
0.460000 0.000000 0.000000 2794 3406 3420 997.093630 
0.460000 0.000000 0.000000 2792 3406 3420 997.136290 
0.461000 0.000000 0.000000 2793 3408 3421 997.178960 
0.461000 0.000000 0.000000 2805 3405 3420 997.221620 
0.461000 0.000000 0.000000 2811 3408 3419 997.264280 
0.460000 0.000000 0.000000 2794 3408 3420 997.306950 
0.460000 0.000000 0.000000 2794 3407 3420 997.349610 
0.460000 0.000000 0.000000 2794 3407 3420 997.392270 
0.460000 0.000000 0.000000 2772 3408 3419 997.434940 
0.460000 0.000000 0.000000 2785 3408 3420 997.477600 
0.457000 0.000000 0.000000 2781 3407 3420 997.520260 
0.457000 0.000000 0.000000 2794 3407 3420 997.562930 
0.457000 0.000000 0.000000 2793 3407 3420 997.605590 
0.457000 0.000000 0.000000 2793 3407 3420 997.648250 
0.457000 0.000000 0.000000 2794 3407 3421 997.690920 
0.457000 0.000000 0.000000 2792 3406 3420 997.733580 
0.457000 0.000000 0.000000 2793 3408 3419 997.776250 
0.461000 0.000000 0.000000 2793 3408 3420 997.818910 
0.461000 0.000000 0.000000 2795 3407 3420 997.861570 
0.456000 0.000000 0.000000 2795 3406 3420 997.904240 
0.456000 0.000000 0.000000 2794 3407 3420 997.946900 
0.452000 0.000000 0.000000 2793 3421 3420 997.989560 
0.452000 0.000000 0.000000 2795 3408 3419 998.032230 
0.452000 0.000000 0.000000 2795 3426 3420 998.074890 
0.456000 0.000000 0.000000 2793 3435 3420 998.117550 
0.456000 0.000000 0.000000 2794 3437 3420 998.160220 
0.452000 0.000000 0.000000 2794 3408 3420 998.202880 
0.452000 0.000000 0.000000 2794 3407 3447 998.245540 
0.454000 0.000000 0.000000 2795 3390 3420 998.288210 
0.454000 0.000000 0.000000 2794 3382 3420 998.330870 
0.454000 0.000000 0.000000 2793 3414 3435 998.373540 
0.454000 0.000000 0.000000 2792 3408 3423 998.416200 
0.454000 0.000000 0.000000 2793 3407 3420 998.458860 
0.458000 0.000000 0.000000 2794 3407 3420 998.501530 
0.458000 0.000000 0.000000 2793 3407 3432 998.544190 
0.451000 0.000000 0.000000 2793 3407 3392 998.586850 
0.451000 0.000000 0.000000 2793 3407 3419 998.629520 
0.451000 0.000000 0.000000 2796 3407 3414 998.672180 
0.456000 0.000000 0.000000 2794 3408 3413 998.714840 
0.456000 0.000000 0.000000 2794 3407 3397 998.757510 
0.452000 0.000000 0.000000 2794 3406 3420 998.800170 
0.452000 0.000000 0.000000 2799 3406 3420 998.842830 
0.448000 0.000000 0.000000 2797 3407 3420 998.885500 
0.448000 0.000000 0.000000 2806 3408 3420 998.928160 
0.448000 0.000000 0.000000 2793 3407 3419 998.970830 
0.448000 0.000000 0.000000 2794 3408 3419 999.013490 
0.448000 0.000000 0.000000 2795 3407 3419 999.056150 
0.448000 0.000000 0.000000 2794 3407 3419 999.098820 
0.448000 0.000000 0.000000 2794 3407 3420 999.141480 
0.446000 0.000000 0.000000 2793 3408 3420 999.184140 
0.446000 0.000000 0.000000 2793 3408 3419 999.226810 
0.446000 0.000000 0.000000 2781 3408 3408 999.269470 
0.454000 0.000000 0.000000 2794 3408 3420 999.312130 
0.454000 0.000000 0.000000 2758 3406 3420 999.354800 
0.449000 0.000000 0.000000 2794 3407 3420 999.397460 
0.449000 0.000000 0.000000 2794 3407 3420 999.440120 
0.449000 0.000000 0.000000 2795 3407 3419 999.482790 
0.451000 0.000000 0.000000 2794 3407 3421 999.525450 
0.451000 0.000000 0.000000 2794 3406 3420 999.568120 
0.453000 0.000000 0.000000 2794 3409 3420 999.610780 
0.453000 0.000000 0.000000 2795 3407 3420 999.653440 
0.453000 0.000000 0.000000 2794 3406 3420 999.696110 
0.453000 0.000000 0.000000 2793 3427 3420 999.738770 
0.459000 0.000000 0.000000 2793 3406 3420 999.781430 
0.459000 0.000000 0.000000 2793 3407 3420 999.824100 
0.459000 0.000000 0.000000 2794 3408 3419 999.866760 
0.459000 0.000000 0.000000 2793 3407 3434 999.909420 
0.459000 0.000000 0.000000 2795 3406 3442 999.952090 
0.453000 0.000000 0.000000 2794 3407 3420 999.994750 
0.453000 0.000000 0.000000 2793 3407 3420 1000.037400 
0.459000 0.000000 0.000000 2793 3401 3420 1000.080100 
0.459000 0.000000 0.000000 2794 3392 3414 1000.122700 
0.459000 0.000000 0.000000 2794 3409 3419 1000.165400 
0.459000 0.000000 0.000000 2794 3408 3420 1000.208100 
0.459000 0.000000 0.000000 2794 3379 3419 1000.250700 
0.458000 0.000000 0.000000 2793 3408 3420 1000.293400 
0.458000 0.000000 0.000000 2794 3407 3461 1000.336100 
0.458000 0.000000 0.000000 2793 3408 3420 1000.378700 
0.456000 0.000000 0.000000 2793 3408 3414 1000.421400 
0.456000 0.000000 0.000000 2805 3408 3420 1000.464100 
0.460000 0.000000 0.000000 2793 3408 3420 1000.506700 
0.460000 0.000000 0.000000 2764 3407 3420 1000.549400 
0.461000 0.000000 0.000000 2795 3407 3420 1000.592000 
0.461000 0.000000 0.000000 2794 3407 3420 1000.634700 
0.461000 0.000000 0.00000  2794 3407 3420 1000.677400 
0.460000 0.000000 0.000000 2794 3408 3419 1000.720000 
0.460000 0.000000 0.000000 2794 3406 3420 1000.762700 
0.460000 0.000000 0.000000 2793 3408 3420 1000.805400 
0.460000 0.000000 0.000000 2786 3408 3419 1000.848000 
0.462000 0.000000 0.000000 2794 3406 3420 1000.890700 
0.462000 0.000000 0.000000 2794 3408 3420 1000.933300 
0.462000 0.000000 0.000000 2792 3408 3420 1000.976000 
0.461000 0.000000 0.000000 2794 3407 3419 1001.018700 
0.461000 0.000000 0.000000 2793 3406 3420 1001.061300 
0.461000 0.000000 0.000000 2793 3406 3419 1001.104000 
0.461000 0.000000 0.000000 2793 3408 3419 1001.146700 
0.462000 0.000000 0.000000 2795 3406 3419 1001.189300 
0.462000 0.000000 0.000000 2793 3407 3420 1001.232000 
0.462000 0.000000 0.000000 2793 3407 3420 1001.274700 
0.460000 0.000000 0.000000 2793 3408 3420 1001.317300 
0.460000 0.000000 0.000000 2794 3438 3420 1001.360000 
0.459000 0.000000 0.000000 2795 3406 3419 1001.402600 
0.459000 0.000000 0.000000 2794 3427 3420 1001.445300 
0.457000 0.000000 0.000000 2794 3411 3420 1001.488000 
0.457000 0.000000 0.000000 2794 3407 3420 1001.530600 
0.457000 0.000000 0.000000 2794 3407 3421 1001.573300 
0.458000 0.000000 0.000000 2795 3428 3420 1001.616000 
0.458000 0.000000 0.000000 2793 3408 3420 1001.658600 
0.460000 0.000000 0.000000 2794 3388 3420 1001.701300 
0.460000 0.000000 0.000000 2794 3406 3420 1001.744000 
0.459000 0.000000 0.000000 2794 3408 3420 1001.786600 
0.459000 0.000000 0.000000 2793 3409 3420 1001.829300 
0.459000 0.000000 0.000000 2795 3408 3419 1001.871900 
0.458000 0.000000 0.000000 2794 3407 3415 1001.914600 
0.458000 0.000000 0.000000 2793 3408 3410 1001.957300 
0.457000 0.000000 0.000000 2794 3407 3421 1001.999900 
0.457000 0.000000 0.000000 2793 3407 3420 1002.042600 
0.460000 0.000000 0.000000 2794 3408 3412 1002.085300 
0.460000 0.000000 0.000000 2797 3406 3420 1002.127900 
0.460000 0.000000 0.000000 2802 3408 3419 1002.170600 
0.460000 0.000000 0.000000 2794 3407 3420 1002.213300 
0.460000 0.000000 0.000000 2793 3408 3420 1002.255900 
0.455000 0.000000 0.000000 2794 3407 3420 1002.298600 
0.455000 0.000000 0.000000 2779 3407 3420 1002.341200 
0.456000 0.000000 0.000000 2794 3408 3420 1002.383900 
0.456000 0.000000 0.000000 2793 3408 3420 1002.426600 
0.456000 0.000000 0.000000 2791 3407 3420 1002.469200 
0.452000 0.000000 0.000000 2784 3408 3419 1002.511900 
0.452000 0.000000 0.000000 2795 3408 3420 1002.554600 
0.452000 0.000000 0.000000 2793 3408 3420 1002.597200 
0.452000 0.000000 0.000000 2793 3407 3420 1002.639900 
0.367000 0.000000 0.000000 2792 3406 3419 1002.682600 
0.367000 0.000000 0.000000 2793 3408 3419 1002.725200 
0.367000 0.000000 0.000000 2794 3406 3420 1002.767900 
0.363000 0.000000 0.000000 2793 3407 3420 1002.810500 
0.363000 0.000000 0.000000 2794 3407 3419 1002.853200 
0.366000 0.000000 0.000000 2793 3408 3420 1002.895900 
0.366000 0.000000 0.000000 2793 3406 3420 1002.938500 
0.457000 0.000000 0.000000 2793 3406 3420 1002.981200 
0.457000 0.000000 0.000000 2793 3407 3420 1003.023900 
0.457000 0.000000 0.000000 2795 3408 3419 1003.066500 
0.454000 0.000000 0.000000 2793 3412 3420 1003.109200 
0.454000 0.000000 0.000000 2794 3407 3420 1003.151900 
0.454000 0.000000 0.000000 2793 3406 3420 1003.194500 
0.454000 0.000000 0.000000 2793 3408 3419 1003.237200 
0.454000 0.000000 0.000000 2793 3408 3420 1003.279800 
0.463000 0.000000 0.000000 2794 3408 3420 1003.322500 
0.463000 0.000000 0.000000 2793 3406 3417 1003.365200 
0.458000 0.000000 0.000000 2794 3407 3394 1003.407800 
0.458000 0.000000 0.000000 2793 3407 3420 1003.450500 
0.458000 0.000000 0.000000 2793 3408 3411 1003.493200 
0.458000 0.000000 0.000000 2792 3406 3420 1003.535800 
0.459000 0.000000 0.000000 2803 3408 3420 1003.578500 
0.459000 0.000000 0.000000 2793 3407 3419 1003.621200 
0.459000 0.000000 0.000000 2793 3407 3420 1003.663800 
0.458000 0.000000 0.000000 2794 3406 3420 1003.706500 
0.458000 0.000000 0.000000 2819 3408 3427 1003.749100 
0.459000 0.000000 0.000000 2793 3407 3420 1003.791800 
0.459000 0.000000 0.000000 2794 3407 3420 1003.834500 
0.459000 0.000000 0.000000 2778 3407 3420 1003.877100 
0.460000 0.000000 0.000000 2794 3407 3420 1003.919800 
0.460000 0.000000 0.000000 2794 3407 3420 1003.962500 
0.460000 0.000000 0.000000 2800 3408 3420 1004.005100 
0.460000 0.000000 0.000000 2793 3408 3420 1004.047800 
0.460000 0.000000 0.000000 2794 3407 3419 1004.090500 
0.460000 0.000000 0.000000 2795 3406 3420 1004.133100 
0.460000 0.000000 0.000000 2792 3407 3419 1004.175800 
0.461000 0.000000 0.000000 2793 3406 3420 1004.218400 
0.461000 0.000000 0.000000 2794 3408 3420 1004.261100 
0.464000 0.000000 0.000000 2793 3406 3420 1004.303800 
0.464000 0.000000 0.000000 2793 3408 3419 1004.346400 
0.461000 0.000000 0.000000 2793 3407 3420 1004.389100 
0.461000 0.000000 0.000000 2794 3407 3420 1004.431800 
0.461000 0.000000 0.000000 2795 3407 3420 1004.474400 
0.458000 0.000000 0.000000 2793 3407 3420 1004.517100 
0.458000 0.000000 0.000000 2794 3406 3420 1004.559800 
0.460000 0.000000 0.000000 2793 3407 3420 1004.602400 
0.460000 0.000000 0.000000 2793 3406 3420 1004.645100 
0.461000 0.000000 0.000000 2794 3408 3420 1004.687700 
0.461000 0.000000 0.000000 2793 3407 3420 1004.730400 
0.461000 0.000000 0.000000 2795 3409 3419 1004.773100 
0.454000 0.000000 0.000000 2794 3387 3440 1004.815700 
0.454000 0.000000 0.000000 2793 3407 3421 1004.858400 
0.456000 0.000000 0.000000 2795 3407 3420 1004.901100 
0.456000 0.000000 0.000000 2794 3407 3420 1004.943700 
0.454000 0.000000 0.000000 2793 3385 3442 1004.986400 
0.454000 0.000000 0.000000 2794 3407 3410 1005.029100 
0.454000 0.000000 0.000000 2795 3407 3394 1005.071700 
0.457000 0.000000 0.000000 2792 3406 3420 1005.114400 
0.457000 0.000000 0.000000 2792 3407 3413 1005.157000 
0.454000 0.000000 0.000000 2794 3407 3421 1005.199700 
0.454000 0.000000 0.000000 2792 3406 3420 1005.242400 
0.457000 0.000000 0.000000 2794 3406 3419 1005.285000 
0.457000 0.000000 0.000000 2795 3408 3419 1005.327700 
0.457000 0.000000 0.000000 2794 3407 3420 1005.370400 
0.454000 0.000000 0.000000 2793 3408 3414 1005.413000 
0.454000 0.000000 0.000000 2795 3408 3420 1005.455700 
0.454000 0.000000 0.000000 2794 3406 3420 1005.498400 
0.454000 0.000000 0.000000 2793 3408 3420 1005.541000 
0.452000 0.000000 0.000000 2794 3408 3419 1005.583700 
0.452000 0.000000 0.000000 2794 3408 3420 1005.626300 
0.452000 0.000000 0.000000 2779 3408 3420 1005.669000 
0.454000 0.000000 0.000000 2794 3407 3420 1005.711700 
0.454000 0.000000 0.000000 2794 3407 3420 1005.754300 
0.454000 0.000000 0.000000 2804 3407 3419 1005.797000 
0.454000 0.000000 0.000000 2793 3406 3420 1005.839700 
0.454000 0.000000 0.000000 2791 3406 3418 1005.882300 
0.454000 0.000000 0.000000 2789 3407 3420 1005.925000 
0.454000 0.000000 0.000000 2805 3408 3420 1005.967700 
0.456000 0.000000 0.000000 2793 3407 3420 1006.010300 
0.456000 0.000000 0.000000 2792 3407 3420 1006.053000 
0.460000 0.000000 0.000000 2794 3407 3420 1006.095600 
0.460000 0.000000 0.000000 2793 3407 3421 1006.138300 
0.460000 0.000000 0.000000 2793 3407 3421 1006.181000 
0.458000 0.000000 0.000000 2795 3407 3420 1006.223600 
0.458000 0.000000 0.000000 2793 3407 3420 1006.266300 
0.458000 0.000000 0.000000 2794 3408 3419 1006.309000 
0.458000 0.000000 0.000000 2795 3407 3421 1006.351600 
0.460000 0.000000 0.000000 2794 3408 3420 1006.394300 
0.460000 0.000000 0.000000 2794 3408 3419 1006.437000 
0.458000 0.000000 0.000000 2794 3407 3421 1006.479600 
0.458000 0.000000 0.000000 2793 3397 3426 1006.522300 
0.458000 0.000000 0.000000 2794 3407 3420 1006.564900 
0.459000 0.000000 0.000000 2793 3407 3419 1006.607600 
0.459000 0.000000 0.000000 2793 3407 3420 1006.650300 
0.455000 0.000000 0.000000 2793 3382 3394 1006.692900 
0.455000 0.000000 0.000000 2793 3408 3420 1006.735600 
0.455000 0.000000 0.000000 2794 3407 3419 1006.778300 
0.455000 0.000000 0.000000 2794 3387 3404 1006.820900 
0.455000 0.000000 0.000000 2793 3381 3420 1006.863600 
0.455000 0.000000 0.000000 2795 3407 3420 1006.906300 
0.455000 0.000000 0.000000 2794 3408 3414 1006.948900 
0.453000 0.000000 0.000000 2793 3407 3420 1006.991600 
0.453000 0.000000 0.000000 2793 3407 3420 1007.034200 
0.453000 0.000000 0.000000 2792 3407 3420 1007.076900 
0.457000 0.000000 0.000000 2794 3407 3420 1007.119600 
0.457000 0.000000 0.000000 2793 3407 3418 1007.162200 
0.458000 0.000000 0.000000 2793 3408 3420 1007.204900 
0.458000 0.000000 0.000000 2794 3408 3420 1007.247600 
0.462000 0.000000 0.000000 2790 3407 3420 1007.290200 
0.462000 0.000000 0.000000 2794 3407 3406 1007.332900 
0.462000 0.000000 0.000000 2793 3405 3421 1007.375500 
0.464000 0.000000 0.000000 2793 3407 3420 1007.418200 
0.464000 0.000000 0.000000 2793 3408 3421 1007.460900 
0.465000 0.000000 0.000000 2781 3407 3419 1007.503500 
0.465000 0.000000 0.000000 2792 3407 3420 1007.546200 
0.460000 0.000000 0.000000 2794 3407 3420 1007.588900 
0.460000 0.000000 0.000000 2793 3407 3420 1007.631500 
0.460000 0.000000 0.000000 2794 3407 3420 1007.674200 
0.460000 0.000000 0.000000 2792 3406 3420 1007.716900 
0.460000 0.000000 0.000000 2794 3406 3420 1007.759500 
0.459000 0.000000 0.000000 2793 3407 3419 1007.802200 
0.459000 0.000000 0.000000 2793 3408 3419 1007.844800 
0.460000 0.000000 0.000000 2792 3406 3420 1007.887500 
0.460000 0.000000 0.000000 2794 3408 3420 1007.930200 
0.460000 0.000000 0.000000 2794 3408 3421 1007.972800 
0.462000 0.000000 0.000000 2793 3408 3420 1008.015500 
0.462000 0.000000 0.000000 2793 3406 3420 1008.058200 
0.462000 0.000000 0.000000 2793 3408 3420 1008.100800 
0.462000 0.000000 0.000000 2794 3408 3420 1008.143500 
0.462000 0.000000 0.000000 2793 3397 3419 1008.186200 
0.462000 0.000000 0.000000 2794 3406 3420 1008.228800 
0.462000 0.000000 0.000000 2793 3407 3420 1008.271500 
0.467000 0.000000 0.000000 2795 3407 3435 1008.314100 
0.467000 0.000000 0.000000 2794 3408 3441 1008.356800 
0.462000 0.000000 0.000000 2794 3407 3420 1008.399500 
0.462000 0.000000 0.000000 2794 3437 3424 1008.442100 
0.461000 0.000000 0.000000 2794 3406 3420 1008.484800 
0.461000 0.000000 0.000000 2793 3409 3392 1008.527500 
0.461000 0.000000 0.000000 2793 3408 3419 1008.570100 
0.467000 0.000000 0.000000 2793 3407 3419 1008.612800 
0.467000 0.000000 0.000000 2793 3408 3405 1008.655500 
0.466000 0.000000 0.000000 2793 3408 3420 1008.698100 
0.466000 0.000000 0.000000 2794 3408 3420 1008.740800 
0.466000 0.000000 0.000000 2793 3420 3416 1008.783400 
0.466000 0.000000 0.000000 2793 3407 3420 1008.826100 
0.466000 0.000000 0.000000 2792 3409 3420 1008.868800 
0.469000 0.000000 0.000000 2794 3408 3419 1008.911400 
0.469000 0.000000 0.000000 2794 3407 3420 1008.954100 
0.464000 0.000000 0.000000 2794 3407 3420 1008.996800 
0.464000 0.000000 0.000000 2803 3406 3420 1009.039400 
0.463000 0.000000 0.000000 2795 3406 3432 1009.082100 
0.463000 0.000000 0.000000 2793 3406 3420 1009.124800 
0.463000 0.000000 0.000000 2794 3406 3420 1009.167400 
0.467000 0.000000 0.000000 2795 3407 3420 1009.210100 
0.467000 0.000000 0.000000 2793 3408 3420 1009.252700 
0.467000 0.000000 0.000000 2793 3407 3420 1009.295400 
0.467000 0.000000 0.000000 2792 3407 3420 1009.338100 
0.466000 0.000000 0.000000 2781 3407 3420 1009.380700 
0.466000 0.000000 0.000000 2762 3408 3420 1009.423400 
0.466000 0.000000 0.000000 2794 3409 3420 1009.466100 
0.465000 0.000000 0.000000 2801 3407 3421 1009.508700 
0.465000 0.000000 0.000000 2794 3407 3420 1009.551400 
0.465000 0.000000 0.000000 2794 3406 3420 1009.594100 
0.465000 0.000000 0.000000 2673 3406 3420 1009.636700 
0.465000 0.000000 0.000000 2569 3408 3420 1009.679400 
0.465000 0.000000 0.000000 2570 3406 3419 1009.722000 
0.465000 0.000000 0.000000 2570 3407 3419 1009.764700 
0.463000 0.000000 0.000000 2569 3429 3419 1009.807400 
0.463000 0.000000 0.000000 2570 3409 3421 1009.850000 
0.460000 0.000000 0.000000 2569 3412 3418 1009.892700 
0.460000 0.000000 0.000000 2569 3407 3420 1009.935400 
0.460000 0.000000 0.000000 2570 3407 3418 1009.978000 
0.465000 0.000000 0.000000 2569 3405 3420 1010.020700 
0.465000 0.000000 0.000000 2570 3407 3420 1010.063400 
0.466000 0.000000 0.000000 2569 3408 3419 1010.106000 
0.466000 0.000000 0.000000 2569 3408 3419 1010.148700 
0.467000 0.000000 0.000000 2569 3431 3419 1010.191300 
0.467000 0.000000 0.000000 2569 3408 3419 1010.234000 
0.467000 0.000000 0.000000 2578 3407 3407 1010.276700 
0.468000 0.000000 0.000000 2570 3408 3419 1010.319300 
0.468000 0.000000 0.000000 2570 3407 3420 1010.362000 
0.469000 0.000000 0.000000 2578 3406 3420 1010.404700 
0.469000 0.000000 0.000000 2569 3407 3420 1010.447300 
0.469000 0.000000 0.000000 2569 3419 3404 1010.490000 
0.469000 0.000000 0.000000 2569 3407 3420 1010.532700 
0.469000 0.000000 0.000000 2569 3407 3419 1010.575300 
0.469000 0.000000 0.000000 2570 3407 3419 1010.618000 
0.469000 0.000000 0.000000 2569 3408 3420 1010.660600 
0.471000 0.000000 0.000000 2568 3407 3420 1010.703300 
0.471000 0.000000 0.000000 2554 3408 3420 1010.746000 
0.468000 0.000000 0.000000 2570 3406 3420 1010.788600 
0.468000 0.000000 0.000000 2570 3406 3420 1010.831300 
0.468000 0.000000 0.000000 2570 3406 3420 1010.874000 
0.468000 0.000000 0.000000 2570 3420 3420 1010.916600 
0.468000 0.000000 0.000000 2589 3406 3420 1010.959300 
0.467000 0.000000 0.000000 2569 3408 3420 1011.002000 
0.467000 0.000000 0.000000 2569 3405 3420 1011.044600 
0.467000 0.000000 0.000000 2569 3407 3419 1011.087300 
0.467000 0.000000 0.000000 2541 3407 3420 1011.129900 
0.467000 0.000000 0.000000 2569 3408 3419 1011.172600 
0.467000 0.000000 0.000000 2570 3407 3420 1011.215300 
0.467000 0.000000 0.000000 2598 3407 3420 1011.257900 
0.464000 0.000000 0.000000 2569 3406 3419 1011.300600 
0.464000 0.000000 0.000000 2569 3417 3420 1011.343300 
0.465000 0.000000 0.000000 2570 3406 3420 1011.385900 
0.465000 0.000000 0.000000 2569 3406 3420 1011.428600 
0.465000 0.000000 0.000000 2569 3406 3420 1011.471300 
0.467000 0.000000 0.000000 2569 3395 3430 1011.513900 
0.467000 0.000000 0.000000 2569 3406 3419 1011.556600 
0.466000 0.000000 0.000000 2569 3406 3420 1011.599200 
0.466000 0.000000 0.000000 2569 3411 3420 1011.641900 
0.466000 0.000000 0.000000 2570 3407 3419 1011.684600 
0.466000 0.000000 0.000000 2570 3406 3420 1011.727200 
0.466000 0.000000 0.000000 2570 3406 3420 1011.769900 
0.464000 0.000000 0.000000 2569 3399 3426 1011.812600 
0.464000 0.000000 0.000000 2569 3383 3420 1011.855200 
0.465000 0.000000 0.000000 2567 3382 3419 1011.897900 
0.465000 0.000000 0.000000 2569 3408 3447 1011.940600 
0.465000 0.000000 0.000000 2569 3395 3419 1011.983200 
0.465000 0.000000 0.000000 2570 3386 3420 1012.025900 
0.465000 0.000000 0.000000 2569 3408 3419 1012.068500 
0.449000 0.000000 0.000000 2569 3409 3420 1012.111200 
0.449000 0.000000 0.000000 2570 3408 3420 1012.153900 
0.449000 0.000000 0.000000 2569 3409 3420 1012.196500 
0.449000 0.000000 0.000000 2569 3409 3419 1012.239200 
0.434000 0.000000 0.000000 2555 3408 3419 1012.281900 
0.434000 0.000000 0.000000 2569 3408 3420 1012.324500 
0.434000 0.000000 0.000000 2569 3407 3420 1012.367200 
0.449000 0.000000 0.000000 2568 3407 3406 1012.409900 
0.449000 0.000000 0.000000 2570 3407 3419 1012.452500 
3.863000 0.000000 0.000000 2569 3409 3420 1012.495200 
3.863000 0.000000 0.000000 2569 3409 3419 1012.537800 
3.863000 0.000000 0.000000 2576 3409 3420 1012.580500 
0.494000 0.000000 0.000000 2579 3408 3419 1012.623200 
0.494000 0.000000 0.000000 2517 3407 3420 1012.665800 
0.452000 0.000000 0.000000 2569 3407 3405 1012.708500 
0.452000 0.000000 0.000000 2569 3408 3419 1012.751200 
0.453000 0.000000 0.000000 2549 3409 3419 1012.793800 
0.453000 0.000000 0.000000 2569 3408 3419 1012.836500 
0.389000 0.000000 0.000000 2569 3407 3420 1012.879200 
0.389000 0.000000 0.000000 2570 3409 3419 1012.921800 
0.389000 0.000000 0.000000 2569 3408 3419 1012.964500 
0.496000 0.000000 0.000000 2569 3408 3420 1013.007100 
0.496000 0.000000 0.000000 2659 3408 3420 1013.049800 
0.457000 0.000000 0.000000 2735 3408 3418 1013.092500 
0.457000 0.000000 0.000000 2797 3408 3420 1013.135100 
0.457000 0.000000 0.000000 2804 3408 3420 1013.177800 
0.381000 0.000000 0.000000 2806 3408 3418 1013.220500 
0.381000 0.000000 0.000000 2805 3407 3420 1013.263100 
0.379000 0.000000 0.000000 2805 3407 3419 1013.305800 
0.379000 0.000000 0.000000 2805 3420 3426 1013.348400 
0.377000 0.000000 0.000000 2805 3407 3419 1013.391100 
0.377000 0.000000 0.000000 2810 3409 3419 1013.433800 
0.377000 0.000000 0.000000 2848 3408 3414 1013.476400 
0.361000 0.000000 0.000000 2883 3408 3420 1013.519100 
0.361000 0.000000 0.000000 2907 3409 3419 1013.561800 
0.380000 0.000000 0.000000 2912 3425 3420 1013.604400 
0.380000 0.000000 0.000000 2917 3407 3420 1013.647100 
0.373000 0.000000 0.000000 2943 3407 3420 1013.689800 
0.373000 0.000000 0.000000 2968 3408 3420 1013.732400 
0.373000 0.000000 0.000000 2982 3408 3416 1013.775100 
0.367000 0.000000 0.000000 2991 3407 3420 1013.817700 
0.367000 0.000000 0.000000 3004 3408 3419 1013.860400 
0.369000 0.000000 0.000000 3025 3408 3419 1013.903100 
0.369000 0.000000 0.000000 3089 3407 3419 1013.945700 
0.373000 0.000000 0.000000 3127 3407 3398 1013.988400 
0.373000 0.000000 0.000000 3149 3408 3419 1014.031100 
0.373000 0.000000 0.000000 3176 3407 3418 1014.073700 
0.373000 0.000000 0.000000 3188 3408 3419 1014.116400 
0.373000 0.000000 0.000000 3229 3407 3418 1014.159100 
0.355000 0.000000 0.000000 3242 3409 3419 1014.201700 
0.355000 0.000000 0.000000 3264 3407 3419 1014.244400 
0.358000 0.000000 0.000000 3279 3408 3419 1014.287000 
0.358000 0.000000 0.000000 3305 3408 3418 1014.329700 
0.358000 0.000000 0.000000 3339 3406 3420 1014.372400 
3.442000 0.000000 0.000000 3352 3407 3419 1014.415000 
3.442000 0.000000 0.000000 3360 3406 3420 1014.457700 
0.449000 0.000000 0.000000 3376 3406 3419 1014.500400 
0.449000 0.000000 0.000000 3393 3405 3419 1014.543000 
3.608000 0.000000 0.000000 3398 3396 3420 1014.585700 
3.608000 0.000000 0.000000 3405 3355 3420 1014.628400 
3.608000 0.000000 0.000000 3408 3327 3419 1014.671000 
0.300000 0.000000 0.000000 3408 3298 3421 1014.713700 
0.300000 0.000000 0.000000 3412 3305 3420 1014.756300 
2.711000 0.000000 0.000000 3414 3294 3423 1014.799000 
2.711000 0.000000 0.000000 3415 3295 3430 1014.841700 
0.300000 0.000000 0.000000 3414 3302 3460 1014.884300 
0.300000 0.000000 0.000000 3414 3309 3505 1014.927000 
0.300000 0.000000 0.000000 3414 3315 3508 1014.969700 
0.300000 0.000000 0.000000 3411 3324 3508 1015.012300 
0.300000 0.000000 0.000000 3401 3335 3492 1015.055000 
0.300000 0.000000 0.000000 3409 3343 3463 1015.097700 
0.300000 0.000000 0.000000 3407 3338 3422 1015.140300 
0.300000 0.000000 0.000000 3408 3338 3421 1015.183000 
0.300000 0.000000 0.000000 3404 3339 3420 1015.225600 
0.300000 0.000000 0.000000 3402 3336 3419 1015.268300 
0.316000 0.000000 0.000000 3389 3350 3419 1015.311000 
0.316000 0.052803 0.146552 3381 3369 3418 1015.353600 
0.376000 -0.048810 -0.069022 3350 3390 3418 1015.396300 
0.376000 0.022789 -0.007758 3340 3404 3417 1015.439000 
0.376000 0.230238 0.064366 3339 3433 3419 1015.481600 
0.445000 0.117986 -0.054427 3343 3404 3418 1015.524300 
0.445000 -0.156476 -0.065537 3346 3405 3404 1015.567000 
0.517000 -0.040494 0.061286 3346 3406 3418 1015.609600 
0.517000 -0.165325 0.007702 3343 3404 3417 1015.652300 
0.593000 0.000000 -0.143367 3337 3405 3419 1015.694900 
0.593000 -0.142773 0.066930 3334 3404 3420 1015.737600 
0.593000 -0.024687 -0.009152 3327 3402 3422 1015.780300 
0.675000 0.057918 -0.113826 3310 3404 3438 1015.822900 
0.675000 -0.079259 0.009104 3304 3390 3469 1015.865600 
0.746000 0.033471 0.081978 3303 3401 3491 1015.908300 
0.746000 0.000000 0.000000 3307 3390 3536 1015.950900 
0.815000 0.129282 0.388218 3330 3377 3547 1015.993600 
0.815000 0.179199 0.000000 3341 3377 3548 1016.036300 
0.815000 -0.018850 -0.036667 3340 3376 3541 1016.078900 
0.878000 0.000000 0.000000 3339 3377 3543 1016.121600 
0.878000 -0.271180 -0.087337 3338 3376 3542 1016.164200 
0.933000 0.000000 0.000000 3335 3392 3536 1016.206900 
0.933000 -0.053223 0.456558 3328 3400 3530 1016.249600 
0.984000 0.283351 0.269352 3319 3403 3529 1016.292200 
0.984000 -0.081293 -0.179490 3319 3403 3528 1016.334900 
0.984000 -0.035953 0.178636 3338 3402 3513 1016.377600 
1.033000 -0.018020 -0.266502 3317 3403 3461 1016.420200 
1.033000 0.054947 0.315166 3311 3404 3422 1016.462900 
1.077000 0.127405 -0.159193 3289 3406 3422 1016.505600 
1.077000 0.000000 0.000000 3274 3406 3421 1016.548200 
1.117000 0.024731 -0.322196 3274 3408 3421 1016.590900 
1.117000 0.154058 -0.041622 3273 3406 3422 1016.633500 
1.117000 -0.117038 -0.451191 3273 3407 3421 1016.676200 
1.151000 0.081837 0.282213 3275 3408 3420 1016.718900 
1.151000 -0.043174 0.096809 3264 3406 3420 1016.761500 
1.179000 0.083599 0.135027 3265 3406 3420 1016.804200 
1.179000 -0.154219 -0.013122 3277 3405 3423 1016.846900 
1.194000 0.040627 -0.190040 3304 3406 3487 1016.889500 
1.194000 0.044572 0.126779 3307 3406 3477 1016.932200 
1.194000 0.006864 -0.224737 3308 3406 3449 1016.974900 
1.198000 0.297382 -0.148640 3305 3427 3453 1017.017500 
1.198000 -0.149437 0.324685 3318 3406 3450 1017.060200 
1.191000 0.437722 0.000000 3319 3406 3441 1017.102800 
1.191000 0.000000 0.571409 3317 3406 3427 1017.145500 
1.175000 -0.141605 0.010008 3337 3407 3421 1017.188200 
1.175000 0.412238 0.019700 3364 3418 3420 1017.230800 
1.175000 0.091842 0.210223 3378 3399 3421 1017.273500 
1.152000 -0.213881 0.504633 3376 3406 3420 1017.316200 
1.152000 -0.285175 -0.125476 3377 3404 3419 1017.358800 
1.124000 0.017816 0.188524 3381 3399 3420 1017.401500 
1.124000 -0.501450 -0.927066 3402 3392 3418 1017.444200 
1.097000 -0.540219 -0.307980 3414 3393 3420 1017.486800 
1.097000 0.159442 -0.117176 3405 3393 3419 1017.529500 
1.097000 -0.113370 0.000000 3396 3393 3419 1017.572100 
1.069000 -0.010275 -0.353440 3396 3393 3421 1017.614800 
1.069000 0.170868 0.000000 3395 3392 3421 1017.657500 
1.050000 -0.314298 -0.458336 3367 3392 3420 1017.700100 
1.050000 0.000000 0.000000 3332 3393 3420 1017.742800 
1.050000 -0.087215 0.202100 3310 3391 3419 1017.785500 
1.038000 -0.236782 0.170719 3307 3392 3420 1017.828100 
1.038000 -0.156204 0.000000 3328 3393 3420 1017.870800 
1.031000 -0.257927 -0.163630 3327 3392 3421 1017.913500 
1.031000 -0.051960 -0.105860 3348 3393 3396 1017.956100 
1.024000 0.043679 0.172265 3348 3392 3427 1017.998800 
1.024000 -0.352139 0.000000 3346 3392 3437 1018.041400 
1.024000 -0.114426 -0.161814 3330 3393 3450 1018.084100 
1.017000 -0.085584 0.000000 3322 3392 3463 1018.126800 
1.017000 0.110734 -0.014288 3322 3392 3467 1018.169400 
1.002000 -0.195730 0.441281 3324 3393 3469 1018.212100 
1.002000 0.000000 0.000000 3340 3392 3469 1018.254800 
0.991000 -0.124357 0.000094 3358 3392 3479 1018.297400 
0.991000 0.000000 0.000000 3364 3393 3486 1018.340100 
0.976000 -0.424724 -0.163519 3364 3393 3495 1018.382800 
0.976000 -0.091325 0.295216 3365 3392 3513 1018.425400 
0.976000 0.067541 -0.086211 3338 3392 3527 1018.468100 
0.956000 0.000000 0.000000 3361 3392 3532 1018.510700 
0.956000 0.354274 0.219022 3365 3394 3527 1018.553400 
0.940000 0.050142 -0.017856 3367 3392 3516 1018.596100 
0.940000 0.024460 0.571187 3388 3392 3460 1018.638700 
0.940000 -0.196373 0.074015 3415 3392 3422 1018.681400 
0.922000 0.000000 0.000000 3439 3392 3421 1018.724100 
0.922000 0.149676 0.012121 3453 3403 3420 1018.766700 
0.908000 0.000000 0.000000 3485 3393 3419 1018.809400 
0.908000 0.119168 0.000000 3501 3393 3438 1018.852100 
0.896000 0.016326 0.184539 3516 3393 3419 1018.894700 
0.896000 0.000000 0.000000 3524 3393 3420 1018.937400 
0.896000 0.000000 0.000000 3537 3392 3420 1018.980000 
0.893000 -0.148094 0.080231 3548 3393 3421 1019.022700 
0.893000 0.196749 -0.141860 3553 3393 3432 1019.065400 
0.905000 -0.079593 0.210688 3551 3393 3493 1019.108000 
0.905000 -0.299312 0.229899 3553 3430 3533 1019.150700 
0.935000 -0.053832 0.000000 3553 3393 3512 1019.193400 
0.935000 0.115531 0.120446 3553 3393 3504 1019.236000 
0.935000 -0.149599 0.176991 3551 3393 3481 1019.278700 
0.990000 -0.140013 -0.373739 3547 3392 3458 1019.321400 
0.990000 -0.122124 -0.098500 3525 3393 3447 1019.364000 
1.081000 -0.215442 0.297516 3511 3392 3438 1019.406700 
1.081000 0.091326 0.212126 3438 3393 3421 1019.449300 
1.193000 -0.242396 0.149796 3365 3394 3422 1019.492000 
1.193000 0.151181 0.100885 3296 3394 3421 1019.534700 
1.193000 0.000000 1.342914 3222 3392 3421 1019.577300 
1.335000 -0.132487 0.039363 3185 3393 3421 1019.620000 
1.335000 0.000000 0.000000 3157 3392 3421 1019.662700 
1.490000 0.121035 0.893551 3128 3393 3421 1019.705300 
1.490000 0.111232 -0.294533 3119 3392 3421 1019.748000 
1.649000 0.408616 -0.216042 3106 3392 3421 1019.790600 
1.649000 0.000000 0.148602 3084 3393 3421 1019.833300 
1.649000 0.341255 0.442811 3074 3393 3421 1019.876000 
1.798000 0.773784 -0.160608 3069 3392 3422 1019.918600 
1.798000 0.276952 0.352260 3054 3393 3421 1019.961300 
1.910000 0.617589 0.364179 3054 3393 3424 1020.004000 
1.910000 -0.023475 0.408072 3052 3394 3435 1020.046600 
1.987000 -0.324496 0.901376 3051 3393 3443 1020.089300 
1.987000 0.267310 0.123617 3074 3392 3450 1020.132000 
1.987000 0.802794 0.280501 3104 3392 3458 1020.174600 
2.023000 0.024441 1.161690 3128 3393 3474 1020.217300 
2.023000 0.008750 0.158018 3171 3392 3500 1020.259900 
2.027000 1.368017 1.737543 3197 3393 3510 1020.302600 
2.027000 -0.262888 0.469570 3208 3393 3518 1020.345300 
1.988000 0.837890 1.071142 3226 3393 3528 1020.387900 
1.988000 -0.358896 0.271652 3231 3393 3529 1020.430600 
1.988000 -0.698185 0.000000 3255 3393 3531 1020.473300 
1.915000 -0.202568 0.111707 3276 3382 3529 1020.515900 
1.915000 -0.132787 0.155563 3305 3387 3526 1020.558600 
1.823000 0.043271 0.564821 3328 3392 3525 1020.601300 
1.823000 0.382481 0.028292 3370 3386 3522 1020.643900 
1.823000 0.609823 0.511873 3435 3393 3507 1020.686600 
1.707000 0.296568 -0.118969 3472 3372 3483 1020.729200 
1.707000 -0.479695 0.000000 3498 3394 3463 1020.771900 
1.590000 -0.227940 0.320284 3539 3393 3433 1020.814600 
1.590000 0.197183 -0.136494 3555 3394 3422 1020.857200 
1.458000 -0.343872 -0.334283 3563 3392 3421 1020.899900 
1.458000 0.509306 0.082466 3598 3392 3421 1020.942600 
1.348000 0.862712 0.564152 3604 3394 3420 1020.985200 
1.348000 0.215611 0.276907 3621 3393 3421 1021.027900 
1.348000 0.000000 0.000000 3624 3393 3421 1021.070600 
1.248000 -0.034770 -0.302905 3609 3394 3421 1021.113200 
1.248000 0.152341 0.076284 3599 3393 3421 1021.155900 
1.208000 -0.275351 0.257161 3552 3393 3420 1021.198500 
1.208000 -0.007196 -0.304812 3549 3395 3420 1021.241200 
1.162000 0.008244 -0.207230 3542 3394 3421 1021.283900 
1.162000 0.095451 0.252772 3537 3395 3422 1021.326500 
1.162000 0.067417 -0.312622 3528 3395 3407 1021.369200 
1.162000 -0.071063 0.346544 3523 3395 3421 1021.411900 
1.162000 0.096621 0.444433 3510 3395 3422 1021.454500 
1.207000 0.103168 -0.199557 3501 3395 3420 1021.497200 
1.207000 0.042033 0.005428 3493 3395 3420 1021.539900 
1.207000 -0.076377 -0.610113 3488 3395 3421 1021.582500 
1.272000 0.307882 -0.143376 3488 3396 3420 1021.625200 
1.272000 0.409369 0.414325 3484 3395 3418 1021.667800 
1.365000 0.257399 0.192490 3478 3395 3419 1021.710500 
1.365000 0.006147 0.294493 3440 3408 3418 1021.753200 
1.473000 0.109120 0.619892 3347 3394 3420 1021.795800 
1.473000 0.671019 0.357863 3270 3395 3419 1021.838500 
1.473000 1.299099 -0.567981 3249 3393 3418 1021.881200 
1.603000 -0.260887 0.000000 3244 3396 3418 1021.923800 
1.603000 -0.181720 0.090994 3222 3397 3418 1021.966500 
1.733000 0.480114 0.264290 3210 3395 3418 1022.009200 
1.733000 -0.130448 -0.227705 3162 3394 3418 1022.051800 
1.885000 -0.408995 -0.228387 3103 3395 3418 1022.094500 
1.885000 -0.743239 -0.336279 3056 3394 3418 1022.137100 
1.885000 0.277467 -0.397202 3048 3393 3418 1022.179800 
1.885000 -0.012849 0.070394 3042 3393 3418 1022.222500 
1.885000 0.336862 0.484283 3042 3393 3417 1022.265100 
2.091000 0.000000 0.000000 3041 3394 3426 1022.307800 
2.091000 -0.536662 0.315465 3041 3395 3418 1022.350500 
2.091000 -0.029926 0.464547 3041 3394 3390 1022.393100 
2.091000 0.520159 -0.602981 3040 3393 3418 1022.435800 
2.091000 0.160246 0.412058 3071 3393 3417 1022.478500 
2.190000 0.523214 0.525107 3084 3393 3396 1022.521100 
2.190000 0.727222 -0.264521 3117 3394 3391 1022.563800 
2.190000 -0.522909 -0.178519 3147 3395 3399 1022.606400 
2.190000 -1.633727 0.315987 3195 3394 3370 1022.649100 
2.118000 -0.503659 0.004054 3222 3394 3366 1022.691800 
2.118000 1.007760 -0.838243 3248 3394 3291 1022.734400 
2.118000 0.297824 0.404600 3276 3393 3351 1022.777100 
2.030000 1.160599 0.093453 3300 3393 3374 1022.819800 
2.030000 1.534565 0.209345 3323 3394 3393 1022.862400 
1.917000 0.519268 0.193015 3347 3393 3406 1022.905100 
1.917000 1.469931 0.000000 3379 3393 3416 1022.947800 
1.777000 -0.136768 -0.250783 3412 3394 3418 1022.990400 
1.777000 0.075530 0.107102 3444 3394 3418 1023.033100 
1.777000 -0.181331 0.235752 3477 3393 3417 1023.075700 
1.638000 -0.253616 -0.227115 3495 3393 3418 1023.118400 
1.638000 0.055896 0.000000 3501 3394 3420 1023.161100 
1.498000 0.178091 0.085358 3502 3393 3421 1023.203700 
1.498000 -0.266710 -0.012674 3502 3393 3421 1023.246400 
1.377000 0.240909 0.287804 3502 3394 3422 1023.289100 
1.377000 -0.071901 0.000000 3433 3380 3421 1023.331700 
1.377000 -0.669593 0.000000 3502 3381 3421 1023.374400 
1.266000 0.347883 0.000000 3500 3394 3422 1023.417100 
1.266000 -0.334962 0.152134 3500 3395 3419 1023.459700 
1.179000 0.088517 -0.354980 3501 3393 3426 1023.502400 
1.179000 -0.346695 0.000000 3506 3380 3404 1023.545000 
1.118000 0.106823 -0.190296 3502 3393 3415 1023.587700 
1.118000 -0.233545 0.545197 3502 3393 3415 1023.630400 
1.118000 -0.172367 0.336002 3503 3393 3430 1023.673000 
1.078000 0.411382 0.078572 3505 3393 3418 1023.715700 
1.078000 0.040297 0.152977 3505 3393 3418 1023.758400 
1.059000 -0.087735 -0.077474 3505 3393 3419 1023.801000 
1.059000 -0.314230 0.041788 3507 3394 3445 1023.843700 
1.064000 0.420421 -0.208619 3506 3414 3420 1023.886400 
1.064000 0.103213 -0.005729 3506 3394 3419 1023.929000 
1.064000 0.507779 -0.439123 3507 3393 3420 1023.971700 
1.098000 -0.508432 0.344343 3504 3364 3448 1024.014400 
1.098000 -0.049475 -0.548106 3494 3394 3420 1024.057300 
1.139000 0.216661 0.326718 3491 3348 3466 1024.100100 
1.139000 -0.112982 0.044043 3474 3395 3422 1024.142900 
1.215000 0.227713 0.139184 3468 3399 3421 1024.185800 
1.215000 0.000000 1.123916 3458 3433 3422 1024.228600 
1.215000 0.000000 0.000000 3443 3441 3423 1024.271500 
1.305000 0.259431 -0.124417 3430 3442 3422 1024.314300 
1.305000 0.000000 -0.781695 3415 3438 3430 1024.357200 
1.418000 0.067360 -0.099504 3391 3433 3438 1024.400000 
1.418000 0.000000 0.000000 3367 3424 3439 1024.442900 
1.418000 0.000000 0.000000 3340 3416 3447 1024.485700 
1.541000 0.257074 -0.238220 3289 3409 3391 1024.528600 
1.541000 -0.208307 -0.120173 3265 3399 3449 1024.571400 
1.668000 0.199120 0.180808 3222 3395 3454 1024.614300 
1.668000 -0.105096 0.353165 3186 3395 3453 1024.657100 
1.820000 -0.334466 -1.453042 3148 3394 3454 1024.700000 
1.820000 -0.513680 0.000000 3105 3395 3453 1024.742800 
1.820000 0.156904 -0.687304 3076 3395 3454 1024.785600 
1.941000 -1.447973 -1.408002 2992 3395 3453 1024.828500 
1.941000 -0.762039 1.115505 3025 3395 3454 1024.871300 
2.057000 0.000000 0.000000 3009 3395 3463 1024.914200 
2.057000 -0.030937 -0.104864 2996 3395 3469 1024.957000 
2.145000 -0.069549 0.267027 2989 3396 3474 1024.999900 
2.145000 0.372900 0.861034 2985 3395 3478 1025.042700 
2.145000 0.331729 1.498178 2985 3395 3480 1025.085600 
2.145000 0.053559 0.402535 2991 3395 3488 1025.128400 
2.145000 0.349702 -0.430849 3008 3395 3497 1025.171300 
2.199000 0.719824 -0.566747 3040 3402 3503 1025.214100 
2.199000 0.402173 -0.042832 3065 3395 3518 1025.257000 
2.166000 1.103605 -0.098873 3115 3395 3525 1025.299800 
2.166000 2.033004 0.652499 3179 3395 3532 1025.342700 
2.166000 0.318137 -0.452210 3205 3395 3526 1025.385500 
2.084000 0.584932 -0.138872 3244 3395 3516 1025.428300 
2.084000 0.726683 0.000000 3285 3375 3499 1025.471200 
1.959000 0.200385 0.313837 3330 3395 3435 1025.514000 
1.959000 -0.153729 -0.015830 3401 3395 3451 1025.556900 
1.807000 0.215815 0.100451 3457 3395 3426 1025.599700 
1.807000 0.604625 0.230091 3521 3395 3440 1025.642600 
1.807000 0.275973 -0.193202 3553 3394 3421 1025.685400 
1.628000 0.336872 0.884128 3587 3395 3397 1025.728300 
1.628000 0.214476 0.063119 3601 3395 3390 1025.771100 
1.450000 0.022088 0.217095 3612 3395 3417 1025.814000 
1.450000 0.193330 0.000000 3624 3394 3417 1025.856800 
1.280000 -0.274930 0.596243 3638 3396 3419 1025.899700 
1.280000 0.235926 0.060144 3636 3381 3418 1025.942500 
1.141000 0.132408 0.000000 3638 3395 3419 1025.985400 
1.141000 0.000000 -0.411933 3638 3394 3399 1026.028200 
1.141000 -0.383817 -0.424373 3630 3393 3419 1026.071000 
1.04000 0.074305 0.000000 3590 3406 3427 1026.113900 
1.040000 -0.054972 0.610833 3564 3394 3401 1026.156700 
0.980000 0.352202 0.000000 3519 3395 3418 1026.199600 
0.980000 0.128513 -0.319632 3490 3395 3418 1026.242400 
0.980000 -0.191506 -0.190163 3429 3395 3417 1026.285300 
0.967000 0.360437 0.743248 3376 3395 3415 1026.328100 
0.967000 -0.096705 -0.009914 3348 3394 3387 1026.371000 
0.989000 0.121108 -0.137174 3326 3394 3370 1026.413800 
0.989000 -0.108972 0.000000 3315 3395 3372 1026.456700 
1.033000 0.243665 -0.263797 3316 3394 3376 1026.499500 
1.033000 0.313862 -0.127293 3315 3394 3388 1026.542400 
1.033000 -0.070065 0.052186 3316 3406 3408 1026.585200 
1.096000 0.041235 -0.358673 3319 3394 3417 1026.628100 
1.096000 -0.122561 0.128901 3322 3395 3417 1026.670900 
1.156000 0.000000 0.000000 3315 3393 3418 1026.713700 
1.156000 0.693537 0.170447 3309 3395 3418 1026.756600 
1.217000 0.080119 -0.079602 3307 3394 3420 1026.799400 
1.217000 0.367698 -0.504824 3305 3394 3420 1026.842300 
1.217000 0.123659 0.399979 3300 3394 3420 1026.885100 
1.262000 0.072638 0.110873 3303 3394 3420 1026.928000 
1.262000 0.227424 -0.108347 3295 3394 3420 1026.970800 
1.313000 0.509545 0.172588 3292 3363 3420 1027.013700 
1.313000 0.085191 0.117795 3279 3399 3420 1027.056500 
1.346000 0.588150 -0.019750 3273 3394 3419 1027.099400 
1.346000 0.454415 0.000000 3273 3393 3420 1027.142200 
1.346000 0.016774 0.000000 3272 3395 3419 1027.185100 
1.369000 0.104782 0.236676 3274 3376 3419 1027.227900 
1.369000 0.328470 0.152071 3278 3393 3419 1027.270800 
1.388000 0.508329 0.152378 3281 3393 3419 1027.313600 
1.388000 0.093172 0.067242 3294 3393 3420 1027.356400 
1.388000 0.115454 0.075826 3291 3394 3419 1027.399300 
1.400000 0.018795 0.110678 3310 3392 3419 1027.442100 
1.400000 0.067090 0.235801 3313 3393 3419 1027.485000 
1.396000 -0.518542 0.133122 3313 3393 3419 1027.527800 
1.396000 -0.387018 -0.094032 3314 3393 3420 1027.570700 
1.385000 0.000000 -0.205483 3315 3394 3418 1027.613500 
1.385000 0.085590 0.088355 3317 3394 3417 1027.656400 
1.362000 0.000000 0.000000 3320 3394 3417 1027.699200 
1.362000 -0.399961 0.409850 3322 3393 3414 1027.742100 
1.362000 0.078576 0.712982 3324 3392 3414 1027.784900 
1.342000 0.199142 0.128023 3327 3393 3410 1027.827800 
1.342000 -0.332594 0.057355 3326 3393 3413 1027.870600 
1.316000 -0.274240 0.784453 3327 3392 3413 1027.913500 
1.316000 -0.272057 0.000000 3327 3393 3417 1027.956300 
1.289000 -0.116116 0.459094 3333 3394 3418 1027.999100 
1.289000 -0.593992 -0.931180 3344 3393 3414 1028.042000 
1.289000 0.147486 -0.158383 3348 3394 3420 1028.084800 
1.258000 0.111959 0.041388 3347 3394 3419 1028.127700 
1.258000 0.000000 0.000000 3348 3394 3421 1028.170500 
1.229000 0.107882 -0.345403 3350 3400 3421 1028.213400 
1.229000 -0.139442 -0.185751 3360 3393 3421 1028.256200 
1.229000 -0.078324 0.184100 3364 3393 3426 1028.299100 
1.204000 -0.068597 0.243048 3374 3393 3446 1028.341900 
1.204000 0.134834 0.005769 3378 3390 3454 1028.384800 
1.174000 0.616140 0.000000 3378 3391 3452 1028.427600 
1.174000 0.218907 0.280939 3377 3386 3447 1028.470500 
1.145000 0.059666 0.000000 3371 3385 3445 1028.513300 
1.145000 0.133544 0.221279 3379 3383 3436 1028.556200 
1.119000 -0.404190 0.080597 3380 3382 3434 1028.599000 
1.119000 0.029053 0.000000 3385 3378 3434 1028.641800 
1.119000 -0.241095 -0.253670 3387 3376 3432 1028.684700 
1.096000 0.080183 0.000000 3387 3376 3431 1028.727500 
1.096000 0.228901 0.416153 3385 3371 3430 1028.770400 
1.080000 0.084698 -0.017378 3385 3364 3428 1028.813200 
1.080000 0.098578 0.431728 3386 3365 3423 1028.856100 
1.080000 -0.007075 0.039346 3383 3365 3422 1028.898900 
1.068000 -0.049899 0.000000 3379 3366 3421 1028.941800 
1.068000 0.009375 0.000000 3378 3365 3421 1028.984600 
1.063000 0.195693 -0.056618 3374 3366 3422 1029.027500 
1.063000 0.052084 0.000000 3372 3369 3421 1029.070300 
1.060000 0.000000 0.000000 3372 3343 3420 1029.113200 
1.060000 -0.106779 -0.351822 3371 3344 3422 1029.156000 
1.060000 -0.032073 0.116628 3369 3361 3427 1029.198900 
1.066000 0.406770 -0.248707 3365 3382 3432 1029.241700 
1.066000 0.070881 -0.046584 3365 3352 3443 1029.284500 
1.072000 0.000000 0.000000 3361 3384 3454 1029.327400 
1.072000 0.144937 -0.190496 3361 3381 3467 1029.370200 
1.085000 0.215016 -0.094570 3359 3363 3499 1029.413100 
1.085000 0.332807 -0.033933 3356 3356 3516 1029.455900 
1.085000 -0.169758 -0.011820 3355 3385 3493 1029.498800 
1.100000 -0.213397 0.246132 3353 3385 3495 1029.541600 
1.100000 -0.043232 0.000000 3352 3386 3494 1029.584500 
1.116000 0.252026 0.267668 3353 3386 3477 1029.627300 
1.116000 -0.491956 -0.009004 3349 3386 3495 1029.670200 
1.133000 -0.076270 0.353414 3345 3389 3492 1029.713000 
1.133000 0.108647 0.565411 3342 3390 3481 1029.755900 
1.133000 0.138094 -0.061330 3339 3391 3467 1029.798700 
1.161000 -0.621860 0.641230 3334 3391 3453 1029.841600 
1.161000 -0.299598 0.034308 3336 3391 3444 1029.884400 
1.172000 0.192668 -0.525502 3328 3392 3439 1029.927200 
1.172000 -0.116184 -0.179054 3330 3393 3439 1029.970100 
1.191000 0.124137 -0.402196 3331 3394 3439 1030.012900 
1.191000 0.210856 -0.131899 3329 3394 3446 1030.055800 
1.191000 0.100069 -0.168261 3326 3399 3446 1030.098600 
1.203000 -0.156011 0.109145 3326 3399 3445 1030.141500 
1.203000 0.218270 -0.026572 3325 3398 3444 1030.184300 
1.220000 -0.224678 -0.302795 3322 3399 3438 1030.227200 
1.220000 -0.124907 -0.016277 3332 3399 3429 1030.270000 
1.224000 -0.273342 0.004571 3337 3410 3422 1030.312900 
1.224000 0.190940 0.088816 3339 3401 3421 1030.355700 
1.224000 0.074418 0.000000 3342 3403 3421 1030.398600 
1.230000 0.190482 0.013066 3342 3427 3421 1030.441400 
1.230000 -0.009604 -0.160389 3343 3401 3421 1030.484300 
1.231000 0.330053 0.000000 3342 3399 3421 1030.527100 
1.231000 -0.627461 -0.298453 3339 3395 3420 1030.569900 
1.233000 -0.583183 -0.113456 3339 3413 3427 1030.612800 
1.233000 0.473548 0.000000 3337 3395 3421 1030.655600 
1.233000 0.032346 -0.233500 3339 3395 3421 1030.698500 
1.230000 -0.295971 -0.253446 3339 3383 3422 1030.741300 
1.230000 0.507713 0.355384 3338 3394 3421 1030.784200 
1.229000 -0.101406 0.155390 3338 3411 3421 1030.827000 
1.229000 -0.399269 0.443428 3335 3395 3421 1030.869900 
1.229000 0.107594 0.000000 3338 3394 3420 1030.912700 
1.222000 -0.085837 0.303620 3339 3394 3420 1030.955600 
1.222000 0.507030 0.387728 3346 3394 3419 1030.998400 
1.219000 0.309240 0.508748 3360 3395 3419 1031.041300 
1.219000 -0.035888 0.087710 3356 3394 3419 1031.084100 
1.206000 0.366152 -0.095215 3357 3387 3419 1031.127000 
1.206000 0.000000 0.000000 3357 3394 3446 1031.169800 
1.201000 -0.175495 -0.179946 3357 3393 3417 1031.212600 
1.201000 0.445415 0.479704 3356 3394 3418 1031.255500 
1.201000 0.133276 -0.130369 3376 3394 3427 1031.298300 
1.193000 -0.004001 -0.335848 3357 3395 3418 1031.341200 
1.193000 0.033562 0.348097 3355 3394 3418 1031.384000 
1.186000 -0.120936 0.018190 3352 3394 3388 1031.426900 
1.186000 0.368711 0.000000 3352 3394 3417 1031.469700 
1.182000 -0.104527 0.028801 3353 3395 3419 1031.512600 
1.182000 0.096630 0.101975 3352 3399 3417 1031.555400 
1.182000 -0.046688 0.000000 3353 3417 3417 1031.598300 
1.180000 0.763310 0.074849 3357 3461 3418 1031.641100 
1.180000 0.503656 0.226689 3390 3496 3417 1031.684000 
1.182000 0.441499 0.323616 3371 3514 3413 1031.726800 
1.182000 -0.040836 -0.494856 3370 3537 3417 1031.769700 
1.182000 -0.284015 0.308588 3381 3539 3417 1031.812500 
1.188000 0.344665 0.000000 3393 3537 3416 1031.855300 
1.188000 0.000000 0.000000 3418 3508 3419 1031.898200 
1.194000 0.537683 -0.591713 3412 3474 3417 1031.941000 
1.194000 0.000000 -0.823426 3418 3448 3420 1031.983900 
1.209000 -0.373171 0.169443 3430 3427 3421 1032.026700 
1.209000 0.459050 0.426226 3436 3397 3419 1032.069600 
1.209000 -0.039260 -0.106330 3439 3396 3419 1032.112400 
1.226000 0.149817 -0.030224 3451 3395 3420 1032.155300 
1.226000 0.203083 0.000000 3456 3395 3420 1032.198100 
1.254000 0.118006 -0.122558 3458 3395 3419 1032.241000 
1.254000 0.375724 -0.619381 3455 3396 3420 1032.283800 
1.283000 -0.389498 -0.331998 3451 3387 3427 1032.326700 
1.283000 0.385464 0.321252 3439 3394 3421 1032.369500 
1.283000 0.313332 -0.127497 3431 3395 3449 1032.412400 
1.329000 0.000000 0.000000 3421 3394 3421 1032.455200 
1.329000 0.427232 -0.361779 3410 3395 3443 1032.498000 
1.385000 0.267075 -0.421764 3400 3405 3421 1032.540900 
1.385000 0.168535 0.549896 3394 3387 3421 1032.583700 
1.449000 -0.363001 0.000000 3386 3421 3421 1032.626600 
1.449000 0.513093 0.340196 3382 3396 3421 1032.669400 
1.449000 0.707031 0.382371 3381 3395 3422 1032.712300 
1.532000 0.611845 -0.283692 3381 3395 3422 1032.755100 
1.532000 -0.002428 0.291275 3381 3394 3422 1032.798000 
1.601000 -0.119720 -0.020913 3380 3394 3423 1032.840800 
1.601000 -0.264618 -0.037210 3368 3393 3423 1032.883700 
1.683000 -0.070494 0.447029 3349 3393 3422 1032.926500 
1.683000 -0.687537 0.000000 3376 3394 3422 1032.969400 
1.683000 -0.795074 -1.073432 3341 3391 3421 1033.012200 
1.767000 -0.416088 -1.370687 3335 3394 3419 1033.055100 
1.767000 0.473500 -0.066880 3336 3392 3419 1033.097900 
1.846000 0.533870 -0.113220 3335 3393 3418 1033.140700 
1.846000 0.209097 -0.306116 3336 3393 3418 1033.183600 
1.916000 1.369155 0.000000 3325 3393 3417 1033.226400 
1.916000 -1.389672 0.371213 3325 3393 3418 1033.269300 
1.916000 -0.289010 -0.216392 3324 3393 3416 1033.312100 
1.993000 0.322773 -0.464428 3322 3392 3417 1033.355000 
1.993000 -0.711565 0.000000 3321 3393 3417 1033.397800 
2.055000 0.639090 -0.132251 3320 3392 3416 1033.440700 
2.055000 -0.713012 0.879423 3319 3392 3417 1033.483500 
2.115000 -0.309022 -0.200110 3318 3392 3417 1033.526400 
2.115000 0.272505 1.042317 3319 3392 3417 1033.569200 
2.115000 -0.382948 0.472458 3319 3392 3417 1033.612100 
2.171000 -0.248560 0.167601 3316 3392 3417 1033.654900 
2.171000 0.875101 0.000000 3313 3392 3417 1033.697800 
2.224000 0.059158 -0.589088 3313 3393 3417 1033.740600 
2.224000 0.036351 -0.392361 3309 3392 3418 1033.783400 
2.270000 -0.239470 1.581912 3305 3393 3417 1033.826300 
2.270000 0.415142 -0.787677 3299 3393 3417 1033.869100 
2.270000 -0.137481 0.711342 3299 3393 3417 1033.912000 
2.310000 -0.534798 -0.659688 3297 3392 3417 1033.954800 
2.310000 -0.192891 0.296100 3298 3375 3417 1033.997700 
2.350000 0.058770 -1.693569 3298 3367 3417 1034.040500 
2.350000 1.205284 0.135809 3298 3361 3417 1034.083400 
2.350000 0.037043 0.308299 3298 3350 3417 1034.126200 
4.612000 1.640618 1.345019 3299 3348 3419 1034.169100 
4.612000 -1.067475 0.267433 3302 3324 3417 1034.211900 
2.403000 -0.229799 -0.462850 3306 3352 3445 1034.254800 
2.403000 -0.571268 -0.312057 3305 3354 3418 1034.297600 
2.428000 -0.690295 -0.752269 3307 3356 3417 1034.340500 
2.428000 0.000000 2.295089 3332 3363 3412 1034.383300 
2.430000 -0.417250 0.349386 3311 3370 3394 1034.426100 
2.430000 1.597598 0.755218 3320 3380 3418 1034.469000 
2.430000 1.031705 0.234630 3287 3389 3418 1034.511800 
2.433000 -0.504186 -2.020813 3322 3391 3418 1034.554700 
2.433000 0.028967 -0.519836 3306 3391 3409 1034.597500 
2.433000 0.000000 0.000000 3325 3399 3419 1034.640400 
2.433000 0.400647 0.738698 3325 3390 3418 1034.683200 
2.433000 -0.155519 -0.416583 3324 3392 3420 1034.726100 
2.442000 0.194254 -0.050915 3325 3391 3418 1034.768900 
2.442000 -1.020165 -0.975471 3336 3390 3418 1034.811800 
2.424000 0.386669 1.259639 3332 3390 3420 1034.854600 
2.424000 -0.844092 0.656662 3333 3391 3420 1034.897500 
2.415000 -0.654710 -0.575846 3338 3391 3419 1034.940300 
2.415000 -0.097574 0.194889 3339 3391 3419 1034.983200 
2.415000 1.388241 0.236408 3344 3391 3419 1035.026000 
2.405000 0.751792 0.000000 3345 3390 3420 1035.068800 
2.405000 -0.057717 -1.825284 3347 3390 3420 1035.111700 
2.389000 -0.233752 -0.453799 3348 3391 3420 1035.154500 
2.389000 0.304107 0.151726 3346 3391 3420 1035.197400 
2.371000 0.580871 -0.054642 3348 3390 3420 1035.240200 
2.371000 0.281651 1.739606 3346 3415 3419 1035.283100 
2.371000 1.267144 -0.773300 3348 3391 3419 1035.325900 
2.355000 -0.442993 0.461700 3348 3391 3420 1035.368800 
2.355000 0.239980 0.000000 3352 3392 3420 1035.411600 
2.348000 0.018764 0.000000 3357 3393 3420 1035.454500 
2.348000 -1.537087 0.146079 3359 3420 3405 1035.497300 
2.329000 0.000000 0.000000 3365 3396 3420 1035.540200 
2.329000 -0.926587 0.000000 3358 3399 3420 1035.583000 
2.329000 -0.296987 0.000000 3358 3407 3430 1035.625900 
2.311000 -0.811096 0.000000 3362 3413 3422 1035.668700 
2.311000 1.148417 -1.905872 3366 3421 3424 1035.711500 
2.300000 0.000000 0.000000 3371 3421 3429 1035.754400 
2.300000 0.000000 0.000000 3376 3422 3436 1035.797200 
2.287000 -2.140026 -0.036790 3379 3422 3435 1035.840100 
2.287000 -1.994279 0.675891 3377 3418 3441 1035.882900 
2.287000 -0.294764 -0.305871 3375 3412 3436 1035.925800 
2.267000 0.338189 -0.455480 3371 3405 3457 1035.968600 
2.267000 0.679663 0.473765 3370 3402 3481 1036.011500 
2.263000 -0.249844 -0.564276 3385 3400 3497 1036.054300 
2.263000 -0.642184 0.821108 3362 3399 3506 1036.097200 
2.263000 0.066304 0.376759 3361 3397 3515 1036.140000 
2.263000 0.102360 -0.104373 3360 3397 3518 1036.182900 
2.263000 -0.086538 -0.581934 3361 3396 3516 1036.225700 
2.261000 0.496919 -0.516313 3369 3396 3506 1036.268600 
2.261000 0.964706 0.209785 3356 3396 3500 1036.311400 
2.269000 1.580150 -0.340009 3352 3395 3500 1036.354200 
2.269000 0.176268 -0.618755 3353 3395 3492 1036.397100 
2.269000 1.113334 0.408812 3351 3396 3504 1036.439900 
2.269000 0.052855 -0.165070 3352 3395 3503 1036.482800 
2.269000 -0.631920 -1.877255 3350 3396 3496 1036.525600 
2.275000 -0.206268 1.213646 3351 3395 3501 1036.568500 
2.275000 -0.772039 0.567909 3351 3396 3496 1036.611300 
2.278000 -0.032445 0.709927 3351 3395 3495 1036.654200 
2.278000 -0.318894 0.047645 3330 3395 3494 1036.697000 
2.278000 2.058896 -2.196193 3351 3395 3493 1036.739900 
2.283000 -0.458249 1.330935 3350 3395 3494 1036.782700 
2.283000 -0.050821 0.441432 3350 3395 3494 1036.825600 
2.294000 -0.423320 -0.102659 3350 3395 3488 1036.868400 
2.294000 0.309477 0.004474 3351 3396 3469 1036.911300 
2.293000 -0.392676 0.757238 3350 3395 3447 1036.954100 
2.293000 -0.197606 1.079627 3350 3410 3435 1036.996900 
2.294000 -0.048900 0.411407 3351 3394 3422 1037.039800 
2.294000 0.212406 0.628955 3357 3395 3419 1037.082600 
2.294000 -0.568342 -0.229360 3365 3395 3419 1037.125500 
2.282000 0.000164 -0.724266 3366 3396 3420 1037.168300 
2.282000 -0.194522 0.260404 3367 3420 3420 1037.211200 
2.288000 -0.066081 0.034390 3367 3395 3419 1037.254000 
2.288000 -0.467841 -0.613024 3364 3396 3419 1037.296900 
2.269000 -0.572993 0.169890 3362 3396 3419 1037.339700 
2.269000 -0.454770 0.646649 3360 3403 3419 1037.382600 
2.269000 0.400053 0.049664 3361 3395 3419 1037.425400 
2.262000 0.355087 0.175371 3360 3395 3421 1037.468300 
2.262000 -0.260412 0.384109 3361 3398 3404 1037.511100 
2.253000 0.674032 0.452832 3358 3417 3436 1037.554000 
2.253000 -0.065639 0.349011 3357 3382 3492 1037.596800 
2.253000 0.246410 -0.007921 3356 3409 3486 1037.639600 
2.251000 -0.049162 0.000000 3358 3406 3460 1037.682500 
2.251000 0.148348 1.156711 3366 3363 3535 1037.725300 
2.240000 -1.472162 0.772331 3358 3396 3501 1037.768200 
2.240000 -0.302552 0.669703 3358 3395 3501 1037.811000 
2.242000 0.847980 -0.422584 3358 3396 3487 1037.853900 
2.242000 -0.513616 0.605050 3358 3396 3466 1037.896700 
2.242000 0.577522 -0.146037 3382 3395 3463 1037.939600 
2.238000 -0.992362 2.074542 3358 3395 3450 1037.982400 
2.238000 -0.714744 0.350299 3359 3395 3437 1038.025300 
2.232000 -0.748545 -0.817337 3359 3395 3435 1038.068100 
2.232000 -0.736512 0.010100 3358 3394 3432 1038.111000 
2.229000 -1.019547 0.108729 3357 3396 3429 1038.153800 
2.229000 0.170942 -0.366079 3359 3395 3430 1038.196700 
2.234000 -1.339528 0.186191 3358 3395 3429 1038.239500 
2.234000 -0.190703 -0.261148 3359 3396 3430 1038.282300 
2.234000 -0.106573 0.000000 3359 3396 3431 1038.325200 
2.240000 -0.217519 -2.588904 3359 3395 3429 1038.368000 
2.240000 0.664510 0.057374 3359 3395 3431 1038.410900 
2.235000 0.699778 -0.521080 3359 3395 3433 1038.453700 
2.235000 0.220791 -1.432490 3356 3395 3439 1038.496600 
2.235000 0.000000 0.527046 3344 3395 3442 1038.539400 
2.244000 0.000000 0.000000 3350 3395 3451 1038.582300 
2.244000 -1.045512 2.906301 3350 3395 3452 1038.625100 
2.250000 0.000000 1.321073 3348 3395 3460 1038.668000 
2.250000 2.226126 0.000000 3337 3395 3462 1038.710800 
2.256000 -0.082019 -1.003428 3347 3395 3466 1038.753700 
2.256000 -0.812218 0.000000 3339 3395 3470 1038.796500 
2.256000 0.325033 0.000000 3346 3395 3472 1038.839400 
2.258000 0.045196 0.373494 3348 3395 3475 1038.882200 
2.258000 0.000000 0.000000 3360 3422 3479 1038.925000 
2.266000 1.144951 1.431477 3348 3395 3489 1038.967900 
2.266000 1.908267 0.000000 3348 3395 3510 1039.010700 
2.252000 0.299102 0.018745 3347 3395 3524 1039.053600 
2.252000 1.021319 1.018797 3348 3395 3530 1039.096400 
2.252000 0.322812 -0.559085 3346 3395 3534 1039.139300 
2.258000 0.537652 0.869353 3347 3395 3538 1039.182100 
2.258000 0.328191 -0.427700 3347 3395 3539 1039.225000 
2.253000 0.312804 -0.090301 3354 3395 3539 1039.267800 
2.253000 0.806668 0.000000 3355 3395 3540 1039.310700 
2.250000 0.387814 0.057869 3354 3395 3544 1039.353500 
2.250000 0.117003 -0.299523 3354 3395 3544 1039.396400 
2.250000 0.275270 1.510828 3354 3395 3543 1039.439200 
2.245000 0.054413 -0.599021 3354 3395 3542 1039.482100 
2.245000 -0.474185 -0.926970 3354 3395 3539 1039.524900 
2.245000 0.843554 0.540127 3354 3395 3529 1039.567700 
2.245000 1.068721 0.535515 3363 3396 3495 1039.610600 
2.245000 -0.373791 -0.633505 3357 3395 3481 1039.653400 
2.243000 -1.765836 -1.816763 3356 3404 3467 1039.696300 
2.243000 -0.213625 0.779244 3371 3395 3468 1039.739100 
2.243000 -2.296260 -2.418551 3356 3394 3468 1039.782000 
2.243000 -1.351501 -1.920845 3356 3395 3475 1039.824800 
2.229000 -0.219897 -0.381546 3356 3394 3479 1039.867700 
2.229000 -0.092487 0.065033 3356 3396 3482 1039.910500 
2.229000 -0.208013 0.264335 3356 3395 3478 1039.953400 
2.229000 -0.415001 -0.199887 3367 3386 3468 1039.996200 
2.229000 0.138515 -0.401816 3356 3395 3463 1040.039100 
2.235000 0.478942 -0.157413 3345 3395 3462 1040.081900 
2.235000 0.259751 0.684689 3357 3394 3463 1040.124800 
2.240000 0.086067 -0.887036 3358 3395 3477 1040.167600 
2.240000 0.655184 0.248049 3357 3395 3496 1040.210400 
2.235000 -1.969774 -2.996419 3358 3395 3500 1040.253300 
2.235000 -1.212991 -1.857279 3357 3395 3503 1040.296100 
2.235000 0.260370 0.011413 3328 3395 3484 1040.339000 
2.239000 -0.114801 0.102094 3251 3395 3440 1040.381800 
2.239000 -1.962203 -1.416266 3190 3395 3425 1040.424700 
2.242000 -0.521316 -0.231438 3158 3394 3421 1040.467500 
2.242000 0.809460 -0.066119 3153 3395 3421 1040.510400 
2.242000 -0.254871 -0.162348 3152 3395 3423 1040.553200 
2.247000 -0.408321 -0.333728 3157 3394 3422 1040.596100 
2.247000 -0.281395 0.159950 3161 3396 3423 1040.638900 
2.254000 -0.867157 0.803979 3166 3401 3424 1040.681800 
2.254000 -0.363878 0.969349 3171 3396 3426 1040.724600 
2.237000 -0.331494 -0.683848 3174 3395 3429 1040.767500 
2.237000 0.000000 0.442227 3186 3395 3439 1040.810300 
2.203000 0.253176 -0.311595 3199 3395 3452 1040.853100 
2.203000 -0.238584 -0.169532 3215 3367 3479 1040.896000 
2.203000 0.000000 -0.466050 3225 3396 3480 1040.938800 
2.142000 -0.005378 0.039832 3227 3395 3487 1040.981700 
2.142000 0.189995 -0.119919 3235 3395 3497 1041.024500 
2.063000 0.007765 -0.117320 3242 3395 3502 1041.067400 
2.063000 0.307613 0.059440 3272 3395 3517 1041.110200 
2.063000 -0.335108 0.197894 3349 3395 3537 1041.153100 
1.962000 -0.652402 0.727363 3352 3395 3549 1041.195900 
1.962000 -0.415749 -0.364918 3389 3395 3554 1041.238800 
1.843000 0.589654 0.765667 3391 3395 3558 1041.281600 
1.843000 -0.413918 -0.461337 3392 3396 3561 1041.324500 
1.719000 -0.200074 0.000000 3401 3395 3558 1041.367300 
1.719000 0.063752 0.000000 3441 3395 3552 1041.410200 
1.719000 -0.208462 0.620143 3463 3395 3548 1041.453000 
1.598000 0.554383 -0.570590 3470 3395 3544 1041.495800 
1.598000 0.130693 -0.078815 3469 3395 3542 1041.538700 
1.477000 -0.520162 0.347227 3431 3398 3539 1041.581500 
1.477000 -0.107002 0.364819 3440 3395 3530 1041.624400 
1.370000 0.059800 -0.248969 3399 3395 3521 1041.667200 
1.370000 0.336824 0.245794 3417 3395 3514 1041.710100 
1.370000 0.012470 -0.090497 3419 3395 3514 1041.752900 
1.278000 0.000000 0.000000 3426 3395 3510 1041.795800 
1.278000 0.065455 -0.464824 3428 3395 3507 1041.838600 
1.197000 0.140849 0.100326 3426 3396 3482 1041.881500 
1.197000 0.710415 0.635797 3404 3395 3440 1041.924300 
1.132000 0.142083 0.463357 3424 3394 3416 1041.967200 
1.132000 0.050794 0.525533 3372 3395 3421 1042.010000 
1.132000 0.130464 -0.013569 3383 3395 3421 1042.052900 
1.077000 0.000000 -1.002289 3383 3395 3421 1042.095700 
1.077000 -0.286792 0.000000 3384 3394 3420 1042.138500 
1.034000 0.019094 0.000000 3383 3395 3422 1042.181400 
1.034000 -0.178022 -0.019413 3383 3394 3422 1042.224200 
0.999000 -0.105747 0.548010 3377 3395 3419 1042.267100 
0.999000 0.000000 0.000000 3374 3396 3420 1042.309900 
0.999000 -0.095397 0.308938 3373 3394 3420 1042.352800 
0.999000 0.192742 0.667083 3374 3395 3419 1042.395600 
0.999000 -0.063968 0.016815 3375 3395 3421 1042.438500 
0.942000 0.109289 -0.356500 3375 3395 3420 1042.481300 
0.942000 0.037325 0.075726 3379 3394 3420 1042.524200 
0.914000 -0.071919 0.002443 3381 3394 3420 1042.567000 
0.914000 -0.010249 0.000000 3383 3394 3420 1042.609900 
0.914000 -0.048119 0.139371 3388 3395 3420 1042.652700 
0.893000 0.176004 0.038264 3387 3395 3419 1042.695600 
0.893000 -0.015770 0.684741 3398 3394 3419 1042.738400 
0.873000 0.069075 0.118230 3385 3367 3419 1042.781300 
0.873000 0.048742 0.000000 3387 3395 3419 1042.824100 
0.851000 -0.046341 0.414161 3386 3394 3420 1042.866900 
0.851000 0.119547 -0.042219 3386 3396 3419 1042.909800 
0.851000 0.087364 0.383450 3385 3381 3420 1042.952600 
0.837000 0.121039 0.441269 3383 3395 3419 1042.995500 
0.837000 0.207391 0.039064 3382 3396 3422 1043.038300 
0.818000 0.000000 0.000000 3384 3371 3445 1043.081200 
0.818000 -0.092733 0.307282 3383 3395 3422 1043.124000 
0.818000 -0.070038 0.414812 3383 3377 3449 1043.166900 
0.810000 0.132854 0.498937 3382 3395 3445 1043.209700 
0.810000 0.079716 -0.036003 3383 3395 3449 1043.252600 
0.804000 0.031499 0.044767 3382 3382 3463 1043.295400 
0.804000 -0.102791 0.125611 3382 3394 3451 1043.338300 
0.797000 -0.149295 0.000885 3381 3395 3446 1043.381100 
0.797000 0.004057 0.016531 3383 3392 3451 1043.424000 
0.797000 -0.109987 -0.130349 3381 3394 3449 1043.466800 
0.797000 0.000000 0.000000 3383 3394 3449 1043.509600 
0.797000 0.158383 0.439912 3381 3395 3450 1043.552500 
0.796000 0.000000 0.000000 3381 3395 3466 1043.595300 
0.796000 0.000000 0.000000 3378 3395 3479 1043.638200 
0.803000 0.000000 0.000000 3365 3394 3493 1043.681000 
0.803000 0.000000 -0.447024 3370 3395 3513 1043.723900 
0.814000 0.000000 0.000000 3378 3395 3527 1043.766700 
0.814000 -0.057883 -0.449502 3351 3395 3537 1043.809600 
0.814000 0.017763 0.000000 3363 3395 3548 1043.852400 
0.828000 0.009065 0.080143 3359 3394 3563 1043.895300 
0.828000 0.020821 -0.545098 3355 3395 3569 1043.938100 
0.840000 0.117056 0.075586 3352 3394 3571 1043.981000 
0.840000 0.281100 0.000000 3352 3394 3573 1044.023800 
0.840000 -0.100956 -0.246932 3352 3394 3572 1044.066700 
0.858000 0.037095 0.201195 3351 3394 3569 1044.0858000
0.858000 -0.092372 0.000000 3349 3395 3561 1044.152300 
0.872000 -0.097811 0.088339 3350 3395 3553 1044.195200 
0.872000 0.072157 -0.005330 3347 3394 3546 1044.238000 
0.892000 0.000000 0.000000 3348 3396 3541 1044.280900 
0.892000 0.132842 0.254783 3348 3394 3532 1044.323700 
0.892000 0.000000 0.000000 3347 3395 3528 1044.366600 
0.913000 -0.068793 -0.415712 3346 3396 3525 1044.409400 
0.913000 0.127972 0.050745 3350 3396 3520 1044.452300 
0.931000 0.148057 0.097086 3351 3395 3510 1044.495100 
0.931000 -0.057638 -0.133672 3367 3395 3494 1044.538000 
0.957000 0.137859 -0.371370 3395 3394 3464 1044.580800 
0.957000 0.099937 -0.080202 3444 3395 3429 1044.623700 
0.957000 0.046035 0.129557 3474 3394 3422 1044.666500 
0.983000 -0.104623 -0.162977 3488 3394 3421 1044.709400 
0.983000 -0.176736 -0.013823 3488 3395 3421 1044.752200 
1.009000 -0.211765 -0.317478 3496 3395 3420 1044.795000 
1.009000 -0.130244 0.096780 3498 3394 3420 1044.837900 
1.038000 -0.374573 0.102489 3497 3395 3420 1044.880700 
1.038000 -0.071420 -0.820230 3494 3395 3419 1044.923600 
1.038000 -0.141491 0.000000 3491 3394 3419 1044.966400 
1.080000 -0.005488 0.238920 3488 3395 3420 1045.009300 
1.080000 0.245498 0.000000 3488 3395 3420 1045.052100 
1.136000 0.119414 0.000000 3456 3395 3419 1045.095000 
1.136000 -0.007720 0.249779 3443 3394 3423 1045.137800 
1.214000 -0.111213 -0.125860 3393 3395 3448 1045.180700 
1.214000 -0.070534 -0.240068 3363 3394 3464 1045.223500 
1.214000 0.140638 0.057096 3342 3395 3481 1045.266400 
1.306000 0.000000 0.534201 3324 3394 3488 1045.309200 
1.306000 -0.670429 1.226783 3302 3394 3488 1045.352100 
1.414000 -0.011112 0.477575 3272 3395 3487 1045.394900 
1.414000 0.210780 0.000000 3234 3395 3488 1045.437700 
1.524000 0.172445 0.712569 3192 3395 3492 1045.480600 
1.524000 0.194271 0.136160 3160 3394 3492 1045.523400 
1.524000 1.161808 0.518535 3163 3395 3494 1045.566300 
1.640000 -0.156809 -0.089774 3155 3394 3497 1045.609100 
1.640000 0.147784 0.571908 3166 3394 3499 1045.652000 
1.724000 0.063136 0.000000 3194 3394 3502 1045.694800 
1.724000 0.052619 0.197798 3235 3395 3497 1045.737700 
1.799000 0.011754 0.368636 3263 3395 3488 1045.780500 
1.799000 0.080795 -0.150487 3280 3395 3484 1045.823400 
1.799000 0.108349 -0.037190 3282 3410 3484 1045.866200 
1.842000 0.226164 -0.054219 3288 3394 3483 1045.909100 
1.842000 -0.171189 0.318040 3290 3409 3481 1045.951900 
1.865000 -0.798837 -0.229379 3294 3395 3479 1045.994800 
1.865000 0.246354 0.321679 3302 3394 3470 1046.037600 
1.872000 -0.196710 -0.218507 3310 3373 3480 1046.080400 
1.872000 0.070246 0.156486 3313 3395 3450 1046.123300 
1.872000 -0.320426 -0.130180 3314 3395 3437 1046.166100 
1.874000 0.012772 0.286066 3315 3394 3437 1046.209000 
1.874000 0.051062 -0.637001 3315 3394 3426 1046.251800 
1.864000 0.245785 -0.000898 3322 3395 3421 1046.294700 
1.864000 0.255755 0.221805 3339 3394 3420 1046.337500 
1.863000 0.289329 -0.134398 3366 3394 3421 1046.380400 
1.863000 -0.355334 -0.059810 3354 3394 3421 1046.423200 
1.863000 0.240775 0.635375 3363 3365 3422 1046.466100 
1.834000 -0.335676 -0.777183 3365 3395 3421 1046.508900 
1.834000 0.483713 0.341090 3370 3395 3421 1046.551800 
1.823000 -0.266724 0.000000 3374 3395 3425 1046.594600 
1.823000 0.599993 -0.041332 3366 3393 3427 1046.637500 
1.795000 -0.057434 0.318028 3376 3395 3417 1046.680300 
1.795000 -0.381565 -0.406056 3375 3410 3427 1046.723100 
1.795000 -0.806818 0.810305 3374 3440 3425 1046.766000 
1.782000 0.317451 0.319137 3362 3449 3425 1046.808800 
1.782000 0.000000 0.000000 3374 3446 3422 1046.851700 
1.772000 -0.327158 0.577935 3371 3442 3423 1046.894500 
1.772000 -0.314555 -1.178810 3372 3431 3422 1046.937400 
1.772000 -0.345165 -0.412289 3372 3422 3424 1046.980200 
1.747000 -0.743366 -0.778992 3361 3411 3425 1047.023100 
1.747000 -0.309701 -0.308163 3374 3409 3428 1047.065900 
1.746000 -0.333671 0.441391 3376 3406 3430 1047.108800 
1.746000 0.192151 0.643941 3373 3404 3439 1047.151600 
1.746000 -0.456457 0.121515 3376 3399 3446 1047.194500 
1.746000 0.329209 0.020193 3376 3400 3450 1047.237300 
1.746000 0.351417 1.364200 3383 3400 3457 1047.280200 
1.725000 -0.178406 -0.397000 3382 3399 3462 1047.323000 
1.725000 0.339473 -0.166367 3383 3400 3467 1047.365800 
1.717000 0.029784 0.049549 3383 3399 3468 1047.408700 
1.717000 -0.769063 0.000000 3383 3397 3467 1047.451500 
1.711000 -0.569617 0.000000 3382 3397 3473 1047.494400 
1.711000 0.256538 0.000000 3376 3396 3479 1047.537200 
1.709000 -1.022289 0.317323 3365 3395 3483 1047.580100 
1.709000 -0.059556 0.288837 3362 3395 3488 1047.622900 
1.709000 0.142244 0.002134 3360 3395 3488 1047.665800 
1.715000 0.413394 -0.170360 3359 3389 3508 1047.708600 
1.715000 0.263202 -0.224938 3359 3395 3487 1047.751500 
1.715000 0.325256 0.468323 3332 3395 3485 1047.794300 
1.715000 -0.920412 -0.699818 3359 3395 3476 1047.837200 
1.715000 0.170594 0.699800 3359 3395 3481 1047.880000 
1.729000 0.481395 0.149997 3359 3396 3487 1047.922900 
1.729000 0.220619 -0.413460 3358 3397 3467 1047.965700 
1.733000 0.209426 0.220760 3359 3395 3450 1048.008500 
1.733000 -0.191157 0.160190 3358 3394 3446 1048.051400 
1.742000 0.049801 0.000000 3363 3395 3439 1048.094200 
1.742000 -0.282496 0.327953 3366 3396 3435 1048.137100 
1.742000 -0.018592 0.572288 3367 3395 3423 1048.179900 
1.750000 -0.047169 0.415106 3367 3395 3421 1048.222800 
1.750000 -0.509804 0.323169 3367 3395 3421 1048.265600 
1.761000 -0.305471 -0.078281 3367 3395 3421 1048.308500 
1.761000 -0.368936 1.131214 3352 3395 3422 1048.351300 
1.769000 -0.213856 -0.344519 3379 3395 3420 1048.394200 
1.769000 0.116011 0.055633 3369 3396 3420 1048.437000 
1.769000 0.472630 0.229993 3367 3395 3420 1048.479900 
1.777000 0.376158 0.112698 3367 3395 3421 1048.522700 
1.777000 0.231340 -0.133236 3365 3395 3420 1048.565600 
1.777000 0.565573 0.000000 3360 3386 3434 1048.608400 
1.777000 0.756962 0.626335 3350 3396 3431 1048.651200 
1.806000 -0.539400 -0.716267 3346 3395 3439 1048.694100 
1.806000 -0.329280 0.217080 3344 3395 3447 1048.736900 
1.806000 -0.272683 -0.132194 3343 3395 3453 1048.779800 
1.822000 -0.085947 0.079149 3342 3395 3454 1048.822600 
1.822000 -0.209932 -0.091908 3343 3395 3452 1048.865500 
1.842000 -0.137767 2.171345 3332 3395 3450 1048.908300 
1.842000 0.048389 -0.414751 3342 3395 3451 1048.951200 
1.864000 0.000000 1.443613 3341 3411 3455 1048.994000 
1.864000 -0.354666 -0.230818 3340 3394 3453 1049.036900 
1.864000 -0.039807 0.138021 3339 3396 3455 1049.079700 
1.878000 -0.482246 0.731181 3337 3395 3455 1049.122600 
1.878000 -0.147164 0.694955 3336 3395 3454 1049.165400 
1.890000 0.610800 1.710723 3335 3404 3457 1049.208300 
1.890000 -0.562571 0.005153 3338 3410 3458 1049.251100 
1.903000 -0.086827 -0.073095 3329 3399 3460 1049.293900 
1.903000 -0.047090 0.249153 3336 3395 3458 1049.336800 
1.903000 -0.161312 0.797701 3336 3399 3458 1049.379600 
1.907000 -0.419210 -0.060220 3336 3395 3458 1049.422500 
1.907000 0.833717 0.000000 3335 3395 3456 1049.465300 
1.917000 -0.093349 -0.509968 3325 3396 3455 1049.508200 
1.917000 0.331783 -0.874664 3339 3395 3454 1049.551000 
1.915000 -0.728435 0.000000 3341 3395 3477 1049.593900 
1.915000 -0.396917 0.174164 3345 3397 3448 1049.636700 
1.915000 -0.332477 -0.688081 3348 3395 3445 1049.679600 
1.916000 -0.577787 -0.130582 3350 3395 3444 1049.722400 
1.916000 -0.089619 0.326723 3349 3395 3445 1049.765300 
1.919000 -0.066507 -0.265085 3350 3395 3446 1049.808100 
1.919000 -0.468710 0.224376 3350 3394 3445 1049.851000 
1.919000 0.152321 -0.437135 3350 3394 3445 1049.893800 
1.918000 -0.325186 -0.806762 3350 3389 3444 1049.936600 
1.918000 -0.239819 -0.203565 3350 3368 3435 1049.979500 
1.921000 0.174805 -0.977739 3346 3366 3429 1050.022300 
1.921000 -0.004638 -0.659927 3346 3368 3426 1050.065200 
1.914000 0.130538 -0.301911 3345 3371 3426 1050.108000 
1.914000 -0.196648 -1.033042 3346 3371 3425 1050.150900 
1.917000 -0.088927 0.127040 3346 3369 3425 1050.193700 
1.917000 0.221265 0.401243 3346 3367 3427 1050.236600 
1.917000 0.220653 0.440662 3344 3364 3429 1050.279400 
1.912000 0.079544 0.311259 3344 3365 3444 1050.322300 
1.912000 -0.673485 0.343271 3345 3366 3452 1050.365100 
1.914000 0.279430 0.073390 3346 3368 3460 1050.408000 
1.914000 1.052455 0.000000 3346 3373 3474 1050.450800 
1.910000 -0.729535 0.000000 3346 3376 3481 1050.493700 
1.910000 0.721768 1.337353 3330 3381 3486 1050.536500 
1.910000 0.403816 0.000000 3345 3385 3489 1050.579300 
3.794000 -0.439763 -0.841010 3345 3390 3495 1050.622200 
3.794000 0.379795 -1.227280 3348 3389 3506 1050.665000 
1.890000 -0.125680 -0.381143 3351 3391 3507 1050.707900 
1.890000 0.136629 -0.098611 3354 3391 3508 1050.750700 
1.890000 -1.369150 -1.157527 3358 3391 3504 1050.793600 
1.877000 -0.391689 0.523877 3359 3390 3489 1050.836400 
1.877000 0.000000 0.000000 3360 3390 3500 1050.879300 
1.859000 0.842174 -1.684697 3357 3390 3495 1050.922100 
1.859000 0.744169 -0.158225 3356 3392 3490 1050.965000 
1.847000 0.961229 -0.213330 3356 3391 3488 1051.007800 
1.847000 0.914118 0.000000 3362 3402 3483 1051.050700 
1.847000 -0.379691 -0.439114 3370 3391 3472 1051.093500 
1.830000 -0.982780 0.046059 3371 3391 3464 1051.136400 
1.830000 -0.177995 0.218377 3374 3392 3442 1051.179200 
1.813000 -0.130885 0.594693 3374 3392 3416 1051.222000 
1.813000 -0.088099 -0.433388 3373 3392 3428 1051.264900 
1.797000 -0.238628 0.316575 3374 3392 3404 1051.307700 
1.797000 0.243374 -0.242150 3374 3392 3429 1051.350600 
1.797000 0.018640 0.339312 3372 3390 3442 1051.393400 
1.780000 -1.026537 0.296108 3365 3366 3475 1051.436300 
1.780000 0.295768 -0.459053 3353 3391 3458 1051.479100 
1.765000 1.424185 1.713314 3370 3392 3466 1051.522000 
1.765000 -0.033269 0.314882 3333 3392 3480 1051.564800 
1.753000 -0.001037 1.560683 3316 3391 3496 1051.607700 
1.753000 -0.670429 0.000000 3302 3392 3510 1051.650500 
1.753000 -0.081746 -0.141215 3293 3392 3516 1051.693400 
1.743000 -0.612352 0.000000 3290 3377 3552 1051.736200 
1.743000 -0.818776 0.000000 3287 3391 3558 1051.779100 
1.732000 0.342592 -0.529373 3287 3390 3557 1051.821900 
1.732000 -0.499496 0.236382 3286 3391 3555 1051.864700 
1.717000 -1.180729 1.045459 3258 3391 3551 1051.907600 
1.717000 0.285239 -0.199958 3289 3391 3532 1051.950400 
1.717000 0.237292 0.419818 3295 3390 3513 1051.993300 
1.691000 0.230433 -0.226260 3296 3391 3491 1052.036100 
1.691000 0.084257 0.342063 3298 3391 3468 1052.079000 
1.654000 0.047190 0.000000 3300 3390 3448 1052.121800 
1.654000 0.000000 -0.102856 3306 3392 3431 1052.164700 
1.611000 0.631690 -0.168917 3294 3392 3423 1052.207500 
1.611000 0.365679 0.000000 3328 3391 3421 1052.250400 
1.611000 0.194885 0.124533 3331 3392 3421 1052.293200 
1.554000 0.389180 -0.278876 3330 3403 3420 1052.336100 
1.554000 0.490805 -0.437926 3330 3415 3420 1052.378900 
1.484000 -0.578041 -0.207584 3325 3392 3420 1052.421800 
1.484000 -1.207453 -0.116954 3323 3379 3420 1052.464600 
1.419000 0.169635 -0.0725332 3322 3391 3420 1052.507400 
1.419000 0.269845 -0.323603 3319 3382 3420 1052.550300 
1.419000 -0.066104 -0.192917 3318 3416 3421 1052.593100 
1.343000 0.230320 0.000000 3314 3392 3421 1052.636000 
1.343000 -0.216012 -0.191386 3313 3393 3421 1052.678800 
1.265000 -0.054201 -0.063352 3314 3395 3421 1052.721700 
1.265000 0.006437 -0.337327 3313 3394 3426 1052.764500 
1.182000 -0.304310 -0.195871 3313 3395 3447 1052.807400 
1.182000 0.049125 -0.024623 3320 3396 3479 1052.850200 
1.182000 0.016970 -0.057955 3332 3396 3490 1052.893100 
1.098000 0.185943 0.296580 3346 3397 3499 1052.935900 
1.098000 0.044742 0.350045 3359 3395 3501 1052.978800 
1.005000 0.000000 -0.012048 3367 3395 3492 1053.021600 
1.005000 0.001066 -0.354803 3374 3395 3487 1053.064500 
0.912000 -0.014448 -0.099837 3375 3395 3488 1053.107300 
0.912000 0.000000 0.000000 3376 3418 3482 1053.150100 
0.912000 0.020476 0.085491 3369 3395 3482 1053.193000 
0.814000 0.129330 -0.177054 3371 3417 3483 1053.235800 
0.814000 0.000000 0.000000 3368 3395 3482 1053.278700 
0.723000 0.000000 0.000000 3366 3395 3483 1053.321500 
0.723000 0.020257 -0.105294 3366 3395 3484 1053.364400 
0.723000 0.000000 0.000000 3368 3395 3484 1053.407200 
0.634000 0.000000 0.000000 3376 3395 3479 1053.450100 
0.634000 0.000000 0.000000 3397 3394 3472 1053.492900 
0.546000 -0.074755 0.037456 3402 3394 3467 1053.535800 
0.546000 0.045767 0.000000 3391 3395 3453 1053.578600 
0.471000 0.130501 -0.099566 3414 3395 3444 1053.621500 
0.471000 0.171941 0.297364 3419 3395 3433 1053.664300 
0.471000 -0.359670 0.000000 3421 3396 3423 1053.707200 
0.398000 -0.038910 -0.032089 3395 3395 3421 1053.750000 
0.398000 0.000000 0.000000 3371 3394 3421 1053.792800 
0.342000 0.000000 0.000000 3363 3395 3421 1053.835700 
0.342000 0.000000 0.000000 3339 3395 3420 1053.878500 
0.300000 0.000000 0.000000 3329 3394 3421 1053.921400 
0.300000 0.000000 0.000000 3313 3394 3421 1053.964200 
0.300000 0.000000 0.000000 3283 3393 3422 1054.007100 
0.300000 0.000000 0.000000 3273 3394 3420 1054.049900 
0.300000 0.000000 0.000000 3231 3394 3421 1054.092800 
0.300000 0.000000 0.000000 3137 3412 3421 1054.135600 
0.300000 0.000000 0.000000 2753 3395 3419 1054.178500 
0.300000 0.000000 0.000000 2570 3399 3419 1054.221300 
0.300000 0.000000 0.000000 2570 3395 3419 1054.264200 
0.300000 0.000000 0.000000 2569 3554 3420 1054.307000 
0.427000 0.000000 0.000000 2569 3737 3420 1054.349900 
0.427000 0.000000 0.000000 2569 3800 3421 1054.392700 
0.384000 0.000000 0.000000 2570 3814 3425 1054.435500 
0.384000 0.000000 0.000000 2569 3831 3409 1054.478400 
0.336000 0.000000 0.000000 2569 3935 3420 1054.521200 
0.336000 0.000000 0.000000 2569 3951 3432 1054.564100 
0.336000 0.000000 0.000000 2570 3945 3419 1054.606900 
4.395000 0.000000 0.000000 2569 3943 3420 1054.649800 
4.395000 0.000000 0.000000 2569 3948 3420 1054.692600 
0.475000 0.000000 0.000000 2570 3948 3419 1054.735500 
0.475000 0.000000 0.000000 2569 3921 3420 1054.778300 
0.501000 0.000000 0.000000 2571 3916 3420 1054.821200 
0.501000 0.000000 0.000000 2585 3915 3420 1054.864000 
0.501000 0.000000 0.000000 2570 3907 3420 1054.906900 
0.383000 0.000000 0.000000 2569 3904 3420 1054.949700 
0.383000 0.000000 0.000000 2584 3904 3420 1054.992600 
0.512000 0.000000 0.000000 2549 3895 3420 1055.035400 
0.512000 0.000000 0.000000 2569 3855 3420 1055.078200 
0.478000 0.000000 0.000000 2568 3615 3420 1055.121100 
0.478000 0.000000 0.000000 2570 3417 3419 1055.163900 
0.478000 0.000000 0.000000 2810 3395 3419 1055.206800 
0.505000 0.000000 0.000000 2820 3395 3419 1055.249600 
0.505000 0.000000 0.000000 2820 3395 3419 1055.292500 
0.501000 0.000000 0.000000 2820 3395 3418 1055.335300 
0.501000 0.000000 0.000000 2822 3395 3419 1055.378200 
0.504000 0.000000 0.000000 2820 3395 3419 1055.421000 
0.504000 0.000000 0.000000 2820 3394 3420 1055.463900 
0.504000 0.000000 0.000000 2820 3395 3419 1055.506700 
0.300000 0.000000 0.000000 2579 3394 3420 1055.549600 
0.300000 0.000000 0.000000 2570 3394 3418 1055.592400 
0.498000 0.000000 0.000000 2569 3395 3417 1055.635300 
0.498000 0.000000 0.000000 2570 3410 3419 1055.678100 
0.498000 0.000000 0.000000 2569 3394 3420 1055.720900 
0.500000 0.000000 0.000000 2570 3395 3418 1055.763800 
0.500000 0.000000 0.000000 2569 3395 3419 1055.806600 
0.494000 0.000000 0.000000 2569 3379 3419 1055.849500 
0.494000 0.000000 0.000000 2569 3396 3419 1055.892300 
0.458000 0.000000 0.000000 2570 3395 3419 1055.935200 
0.458000 0.000000 0.000000 2568 3395 3446 1055.978000 
0.495000 0.000000 0.000000 2569 3394 3419 1056.020900 
0.495000 0.000000 0.000000 2569 3364 3419 1056.063700 
0.495000 0.000000 0.000000 2569 3394 3419 1056.106600 
0.300000 0.000000 0.000000 2570 3395 3410 1056.149400 
0.300000 0.000000 0.000000 2569 3377 3419 1056.192300 
0.498000 0.000000 0.000000 2569 3394 3419 1056.235100 
0.498000 0.000000 0.000000 2570 3394 3420 1056.278000 
0.496000 0.000000 0.000000 2590 3394 3419 1056.320800 
0.496000 0.000000 0.000000 2569 3395 3420 1056.363600 
0.496000 0.000000 0.000000 2569 3394 3419 1056.406500 
0.300000 0.000000 0.000000 2569 3395 3420 1056.449300 
0.300000 0.000000 0.000000 2562 3395 3419 1056.492200 
0.300000 0.000000 0.000000 2553 3395 3419 1056.535000 
0.300000 0.000000 0.000000 2548 3394 3420 1056.577900 
0.300000 0.000000 0.000000 2573 3395 3419 1056.620700 
0.300000 0.000000 0.000000 2569 3394 3419 1056.663600 
0.300000 0.000000 0.000000 2569 3395 3418 1056.706400 
0.497000 0.000000 0.000000 2569 3395 3419 1056.749300 
0.497000 0.000000 0.000000 2570 3395 3419 1056.792100 
0.494000 0.000000 0.000000 2570 3395 3419 1056.835000 
0.494000 0.000000 0.000000 2569 3395 3419 1056.877800 
0.494000 0.000000 0.000000 2570 3394 3420 1056.920700 
0.440000 0.000000 0.000000 2569 3395 3419 1056.963500 
0.440000 0.000000 0.000000 2569 3395 3419 1057.006300 
0.447000 0.000000 0.000000 2569 3394 3420 1057.049200 
0.447000 0.000000 0.000000 2569 3395 3419 1057.092000 
0.447000 0.000000 0.000000 2569 3395 3419 1057.134900 
0.447000 0.000000 0.000000 2569 3395 3419 1057.177700 
0.447000 0.000000 0.000000 2569 3394 3419 1057.220600 
0.300000 0.000000 0.000000 2570 3395 3418 1057.263400 
0.300000 0.000000 0.000000 2570 3394 3420 1057.306300 
0.300000 0.000000 0.000000 2570 3412 3419 1057.349100 