0 0 0 0
0 0.005 0 0.005
0.00028851 0.0099917 -0.00028851 0.0099917
0.00086458 0.014958 -0.00086458 0.014958
0.0017263 0.019884 -0.0017263 0.019884
0.0028707 0.024751 -0.0028707 0.024751
0.0042942 0.029544 -0.0042942 0.029544
0.0059918 0.034247 -0.0059918 0.034247
0.0079579 0.038844 -0.0079579 0.038844
0.010186 0.04332 -0.010186 0.04332
0.012669 0.04766 -0.012669 0.04766
0.015398 0.05185 -0.015398 0.05185
0.017881 0.05619 -0.018364 0.055875
0.020109 0.060666 -0.021558 0.059722
0.022075 0.065263 -0.024968 0.063379
0.023773 0.069966 -0.028583 0.066832
0.025196 0.074759 -0.032392 0.070072
0.02634 0.079626 -0.036382 0.073086
0.027202 0.084552 -0.040538 0.075865
0.027778 0.089518 -0.044848 0.078399
0.028067 0.09451 -0.049297 0.080681
0.028067 0.09951 -0.053871 0.082702
0.028355 0.1045 -0.058553 0.084455
0.028931 0.10947 -0.063329 0.085936
0.029793 0.11439 -0.068182 0.087138
0.030937 0.11926 -0.073097 0.088059
0.032361 0.12405 -0.078056 0.088694
0.034058 0.12876 -0.083044 0.089042
0.036025 0.13335 -0.088044 0.089102
0.038253 0.13783 -0.093038 0.088873
0.040736 0.14217 -0.098012 0.088357
0.043465 0.14636 -0.10295 0.087554
0.045947 0.1507 -0.10792 0.087037
0.048175 0.15518 -0.11291 0.086808
0.050142 0.15977 -0.11791 0.086868
0.051839 0.16448 -0.1229 0.087216
0.053263 0.16927 -0.12786 0.087852
0.054407 0.17414 -0.13278 0.088772
0.055269 0.17906 -0.13763 0.089975
0.055845 0.18403 -0.14241 0.091455
0.056133 0.18902 -0.14709 0.093209
0.056133 0.19402 -0.15166 0.09523
0.055845 0.19901 -0.15634 0.096984
0.055269 0.20398 -0.16112 0.098464
0.054407 0.2089 -0.16597 0.099667
0.053263 0.21377 -0.17089 0.10059
0.051839 0.21856 -0.17585 0.10122
0.050142 0.22327 -0.18083 0.10157
0.048175 0.22786 -0.18583 0.10163
0.045947 0.23234 -0.19083 0.1014
0.043465 0.23668 -0.1958 0.10089
0.040736 0.24087 -0.20074 0.10008
0.038253 0.24521 -0.20571 0.099566
0.036025 0.24969 -0.21071 0.099337
0.034058 0.25428 -0.2157 0.099396
0.032361 0.25899 -0.22069 0.099745
0.030937 0.26378 -0.22565 0.10038
0.029793 0.26865 -0.23057 0.1013
0.028931 0.27357 -0.23542 0.1025
0.028355 0.27854 -0.2402 0.10398
0.028067 0.28353 -0.24488 0.10574
0.028067 0.28853 -0.24945 0.10776
0.027778 0.29352 -0.25413 0.10951
0.027202 0.29849 -0.25891 0.11099
0.02634 0.30341 -0.26376 0.1122
0.025196 0.30828 -0.26868 0.11312
0.023773 0.31307 -0.27364 0.11375
0.022075 0.31778 -0.27862 0.1141
0.020109 0.32237 -0.28362 0.11416
0.017881 0.32685 -0.28862 0.11393
0.015398 0.33119 -0.29359 0.11341
0.012669 0.33538 -0.29853 0.11261
0.0097026 0.33941 -0.30341 0.11152
0.0065091 0.34325 -0.30822 0.11016
0.0030988 0.34691 -0.31294 0.10852
-0.00051671 0.35036 -0.31756 0.10661
-0.0043255 0.3536 -0.32206 0.10443
-0.0083149 0.35662 -0.32643 0.102
-0.012472 0.35939 -0.33065 0.099322
-0.016782 0.36193 -0.33471 0.096404
-0.021231 0.36421 -0.3386 0.093257
-0.025804 0.36623 -0.3423 0.08989
-0.030253 0.36851 -0.34618 0.086743
-0.034563 0.37105 -0.35024 0.083825
-0.03872 0.37383 -0.35446 0.081146
-0.042709 0.37684 -0.35883 0.078716
-0.046518 0.38008 -0.36334 0.076541
-0.050134 0.38353 -0.36796 0.07463
-0.053544 0.38719 -0.37268 0.072989
-0.056737 0.39104 -0.37749 0.071623
-0.059704 0.39506 -0.38237 0.070537
-0.062433 0.39925 -0.3873 0.069734
-0.065399 0.40328 -0.39228 0.069217
-0.068592 0.40712 -0.39727 0.068988
-0.072003 0.41078 -0.40227 0.069048
-0.075618 0.41423 -0.40726 0.069396
-0.079427 0.41747 -0.41222 0.070032
-0.083416 0.42049 -0.41713 0.070952
-0.087573 0.42327 -0.42199 0.072155
-0.091883 0.4258 -0.42676 0.073635
-0.096332 0.42808 -0.43145 0.075389
-0.10091 0.4301 -0.43602 0.07741
-0.10535 0.43239 -0.44047 0.079691
-0.10966 0.43492 -0.44478 0.082226
-0.11382 0.4377 -0.44893 0.085005
-0.11781 0.44071 -0.45292 0.088019
-0.12162 0.44395 -0.45673 0.091258
-0.12524 0.44741 -0.46035 0.094712
-0.12865 0.45106 -0.46376 0.098368
-0.13184 0.45491 -0.46695 0.10222
-0.13481 0.45893 -0.46992 0.10624
-0.13753 0.46312 -0.47265 0.11043
-0.1405 0.46715 -0.47561 0.11446
-0.14369 0.471 -0.47881 0.1183
-0.1471 0.47465 -0.48222 0.12196
-0.15072 0.47811 -0.48583 0.12541
-0.15453 0.48135 -0.48964 0.12865
-0.15852 0.48436 -0.49363 0.13167
-0.16267 0.48714 -0.49779 0.13445
-0.16698 0.48967 -0.5021 0.13698
-0.17143 0.49195 -0.50655 0.13926
-0.17601 0.49398 -0.51112 0.14128
-0.18046 0.49626 -0.51557 0.14356
-0.18477 0.49879 -0.51988 0.1461
-0.18892 0.50157 -0.52404 0.14888
-0.19291 0.50458 -0.52803 0.15189
-0.19672 0.50782 -0.53183 0.15513
-0.20034 0.51128 -0.53545 0.15858
-0.20375 0.51493 -0.53886 0.16224
-0.20694 0.51878 -0.54205 0.16609
-0.20991 0.52281 -0.54502 0.17011
-0.21264 0.527 -0.54775 0.1743
-0.21536 0.53119 -0.55048 0.17849
-0.21809 0.53538 -0.55321 0.18268
-0.22082 0.53956 -0.55594 0.18687
-0.22355 0.54375 -0.55867 0.19106
-0.22628 0.54794 -0.56139 0.19525
-0.22901 0.55213 -0.56412 0.19944
-0.23174 0.55632 -0.56685 0.20363
-0.23447 0.56051 -0.56958 0.20782
-0.2372 0.5647 -0.57231 0.21201
-0.23993 0.56889 -0.57504 0.2162
-0.24266 0.57308 -0.57777 0.22039
-0.24538 0.57727 -0.5805 0.22458
-0.24811 0.58146 -0.58323 0.22877
-0.25084 0.58565 -0.58596 0.23296
-0.25357 0.58984 -0.58868 0.23715
-0.2563 0.59403 -0.59141 0.24134
-0.25903 0.59822 -0.59414 0.24552
-0.26176 0.60241 -0.59687 0.24971
-0.26449 0.6066 -0.5996 0.2539
-0.26722 0.61079 -0.60233 0.25809
-0.2697 0.61513 -0.60481 0.26243
-0.27193 0.6196 -0.60704 0.26691
-0.27389 0.6242 -0.60901 0.27151
-0.27559 0.6289 -0.6107 0.27621
-0.27701 0.6337 -0.61213 0.281
-0.27816 0.63856 -0.61327 0.28587
-0.27902 0.64349 -0.61413 0.2908
-0.2796 0.64846 -0.61471 0.29576
-0.27989 0.65345 -0.615 0.30075
-0.27989 0.65845 -0.615 0.30575
-0.28017 0.66344 -0.61529 0.31075
-0.28075 0.66841 -0.61586 0.31571
-0.28161 0.67333 -0.61672 0.32064
-0.28276 0.6782 -0.61787 0.3255
-0.28418 0.68299 -0.61929 0.3303
-0.28588 0.68769 -0.62099 0.335
-0.28784 0.69229 -0.62296 0.3396
-0.29007 0.69677 -0.62518 0.34407
-0.29255 0.70111 -0.62767 0.34841
-0.29528 0.7053 -0.6304 0.3526
-0.29825 0.70932 -0.63336 0.35663
-0.30144 0.71317 -0.63656 0.36048
-0.30485 0.71683 -0.63997 0.36413
-0.30847 0.72028 -0.64358 0.36759
-0.31228 0.72352 -0.64739 0.37083
-0.31627 0.72653 -0.65138 0.37384
-0.32042 0.72931 -0.65554 0.37662
-0.32473 0.73185 -0.65985 0.37915
-0.32918 0.73413 -0.6643 0.38143
-0.33376 0.73615 -0.66887 0.38346
-0.33833 0.73817 -0.67355 0.38521
-0.3429 0.74019 -0.67833 0.38669
-0.34748 0.74221 -0.68318 0.38789
-0.35205 0.74423 -0.6881 0.38881
-0.35662 0.74625 -0.69305 0.38945
-0.3612 0.74828 -0.69804 0.3898
-0.36577 0.7503 -0.70304 0.38986
-0.37034 0.75232 -0.70804 0.38963
-0.37492 0.75434 -0.71301 0.38911
-0.37949 0.75636 -0.71795 0.38831
-0.38394 0.75864 -0.72283 0.38722
-0.38825 0.76117 -0.72764 0.38586
-0.39241 0.76395 -0.73236 0.38421
-0.39639 0.76697 -0.73698 0.3823
-0.4002 0.77021 -0.74148 0.38013
-0.40382 0.77366 -0.74585 0.3777
-0.40723 0.77732 -0.75007 0.37502
-0.41042 0.78116 -0.75413 0.3721
-0.41339 0.78519 -0.75802 0.36895
-0.41612 0.78938 -0.76172 0.36559
-0.4186 0.79372 -0.76541 0.36222
-0.42083 0.7982 -0.76911 0.35885
-0.4228 0.80279 -0.77281 0.35549
-0.42449 0.8075 -0.7765 0.35212
-0.42592 0.81229 -0.7802 0.34876
-0.42706 0.81716 -0.7839 0.34539
-0.42792 0.82208 -0.78759 0.34202
-0.4285 0.82705 -0.79129 0.33866
-0.42879 0.83204 -0.79499 0.33529
-0.42879 0.83704 -0.79869 0.33192
-0.42908 0.84203 -0.80257 0.32878
-0.42965 0.847 -0.80663 0.32586
-0.43051 0.85192 -0.81085 0.32318
-0.43166 0.85679 -0.81522 0.32075
-0.43308 0.86158 -0.81972 0.31858
-0.43478 0.86629 -0.82435 0.31666
-0.43675 0.87088 -0.82907 0.31502
-0.43897 0.87536 -0.83388 0.31366
-0.44146 0.8797 -0.83876 0.31257
-0.44418 0.88389 -0.84369 0.31177
-0.44691 0.88808 -0.84857 0.31068
-0.44964 0.89227 -0.85338 0.30932
-0.45237 0.89646 -0.85811 0.30767
-0.4551 0.90065 -0.86273 0.30576
-0.45783 0.90484 -0.86723 0.30359
-0.46056 0.90903 -0.8716 0.30116
-0.46329 0.91322 -0.87582 0.29848
-0.46602 0.91741 -0.87988 0.29556
-0.46875 0.9216 -0.88377 0.29241
-0.47148 0.92578 -0.88746 0.28905
-0.47396 0.93012 -0.89135 0.2859
-0.47619 0.9346 -0.89541 0.28298
-0.47815 0.9392 -0.89963 0.2803
-0.47985 0.9439 -0.904 0.27787
-0.48127 0.94869 -0.9085 0.2757
-0.48242 0.95356 -0.91312 0.27379
-0.48328 0.95849 -0.91785 0.27215
-0.48386 0.96345 -0.92266 0.27078
-0.48414 0.96845 -0.92754 0.26969
-0.48414 0.97345 -0.93247 0.26889
-0.48443 0.97844 -0.93735 0.26781
-0.48501 0.9834 -0.94216 0.26644
-0.48587 0.98833 -0.94688 0.2648
-0.48701 0.9932 -0.9515 0.26289
-0.48844 0.99799 -0.95601 0.26071
-0.49014 1.0027 -0.96038 0.25828
-0.4921 1.0073 -0.9646 0.2556
-0.49433 1.0118 -0.96866 0.25268
-0.49681 1.0161 -0.97254 0.24954
-0.49954 1.0203 -0.97624 0.24617
-0.50202 1.0246 -0.98013 0.24302
-0.50425 1.0291 -0.98419 0.24011
-0.50622 1.0337 -0.98841 0.23743
-0.50792 1.0384 -0.99278 0.235
-0.50934 1.0432 -0.99728 0.23282
-0.51048 1.0481 -1.0019 0.23091
-0.51135 1.053 -1.0066 0.22927
-0.51192 1.058 -1.0114 0.2279
-0.51221 1.063 -1.0163 0.22682
-0.51221 1.068 -1.0212 0.22601
-0.51221 1.073 -1.0262 0.22521
-0.51221 1.078 -1.0311 0.22441
-0.51221 1.083 -1.0361 0.22361
-0.51221 1.088 -1.041 0.2228
-0.51221 1.093 -1.0459 0.222
-0.51221 1.098 -1.0509 0.2212
-0.51221 1.103 -1.0558 0.2204
-0.51221 1.108 -1.0607 0.21959
-0.51221 1.113 -1.0657 0.21879
-0.51221 1.118 -1.0706 0.21799
-0.51221 1.123 -1.0755 0.2169
-0.51221 1.128 -1.0803 0.21553
-0.51221 1.133 -1.085 0.21389
-0.51221 1.138 -1.0896 0.21198
-0.51221 1.143 -1.0941 0.20981
-0.51221 1.148 -1.0985 0.20738
-0.51221 1.153 -1.1027 0.2047
-0.51221 1.158 -1.1068 0.20178
-0.51221 1.163 -1.1107 0.19863
-0.51221 1.168 -1.1144 0.19527
-0.51221 1.173 -1.1183 0.19212
-0.51221 1.178 -1.1223 0.1892
-0.51221 1.183 -1.1265 0.18652
-0.51221 1.188 -1.1309 0.18409
-0.51221 1.193 -1.1354 0.18192
-0.51221 1.198 -1.14 0.18001
-0.51221 1.203 -1.1448 0.17836
-0.51221 1.208 -1.1496 0.177
-0.51221 1.213 -1.1544 0.17591
-0.51221 1.218 -1.1594 0.17511
-0.51192 1.2229 -1.1643 0.17402
-0.51135 1.2279 -1.1691 0.17266
-0.51048 1.2328 -1.1738 0.17102
-0.50934 1.2377 -1.1784 0.16911
-0.50792 1.2425 -1.1829 0.16693
-0.50622 1.2472 -1.1873 0.1645
-0.50425 1.2518 -1.1915 0.16182
-0.50202 1.2563 -1.1956 0.1589
-0.49954 1.2606 -1.1995 0.15576
-0.49681 1.2648 -1.2031 0.15239
-0.49433 1.2691 -1.207 0.14924
-0.4921 1.2736 -1.2111 0.14632
-0.49014 1.2782 -1.2153 0.14365
-0.48844 1.2829 -1.2197 0.14122
-0.48701 1.2877 -1.2242 0.13904
-0.48587 1.2926 -1.2288 0.13713
-0.48501 1.2975 -1.2335 0.13549
-0.48443 1.3025 -1.2383 0.13412
-0.48414 1.3075 -1.2432 0.13304
-0.48414 1.3125 -1.2482 0.13223
-0.48414 1.3175 -1.2531 0.13172
-0.48414 1.3225 -1.2581 0.13149
-0.48414 1.3275 -1.2631 0.13155
-0.48414 1.3325 -1.2681 0.1319
-0.48414 1.3375 -1.2731 0.13253
-0.48414 1.3425 -1.278 0.13345
-0.48414 1.3475 -1.2828 0.13465
-0.48414 1.3525 -1.2876 0.13613
-0.48414 1.3575 -1.2923 0.13789
-0.48414 1.3625 -1.2969 0.13991
-0.48414 1.3675 -1.3016 0.14166
-0.48414 1.3725 -1.3063 0.14314
-0.48414 1.3775 -1.3112 0.14435
-0.48414 1.3825 -1.3161 0.14527
-0.48414 1.3875 -1.3211 0.1459
-0.48414 1.3925 -1.326 0.14625
-0.48414 1.3975 -1.331 0.14631
-0.48414 1.4025 -1.336 0.14608
-0.48414 1.4075 -1.341 0.14556
-0.48414 1.4125 -1.3459 0.14476
-0.48414 1.4175 -1.3509 0.14424
-0.48414 1.4225 -1.3559 0.14402
-0.48414 1.4275 -1.3609 0.14408
-0.48414 1.4325 -1.3659 0.14442
-0.48414 1.4375 -1.3709 0.14506
-0.48414 1.4425 -1.3758 0.14598
-0.48414 1.4475 -1.3806 0.14718
-0.48414 1.4525 -1.3854 0.14866
-0.48414 1.4575 -1.3901 0.15042
-0.48414 1.4625 -1.3947 0.15244
-0.48443 1.4675 -1.3991 0.15472
-0.48501 1.4724 -1.4034 0.15725
-0.48587 1.4773 -1.4076 0.16003
-0.48701 1.4822 -1.4116 0.16305
-0.48844 1.487 -1.4154 0.16629
-0.49014 1.4917 -1.419 0.16974
-0.4921 1.4963 -1.4224 0.1734
-0.49433 1.5008 -1.4256 0.17724
-0.49681 1.5051 -1.4286 0.18127
-0.49954 1.5093 -1.4313 0.18546
-0.50202 1.5137 -1.4338 0.1898
-0.50425 1.5181 -1.436 0.19427
-0.50622 1.5227 -1.438 0.19887
-0.50792 1.5274 -1.4397 0.20357
-0.50934 1.5322 -1.4411 0.20837
-0.51048 1.5371 -1.4422 0.21323
-0.51135 1.542 -1.4431 0.21816
-0.51192 1.547 -1.4437 0.22313
-0.51221 1.552 -1.444 0.22812
-0.51221 1.557 -1.444 0.23312
-0.51221 1.562 -1.444 0.23812
-0.51221 1.567 -1.444 0.24312
-0.51221 1.572 -1.444 0.24812
-0.51221 1.577 -1.444 0.25312
-0.51221 1.582 -1.444 0.25812
-0.51221 1.587 -1.444 0.26312
-0.51221 1.592 -1.444 0.26812
-0.51221 1.597 -1.444 0.27312
-0.51221 1.602 -1.444 0.27812
-0.51221 1.607 -1.444 0.28312
-0.51192 1.612 -1.4437 0.28811
-0.51135 1.6169 -1.4431 0.29308
-0.51048 1.6219 -1.4422 0.298
-0.50934 1.6267 -1.4411 0.30287
-0.50792 1.6315 -1.4397 0.30766
-0.50622 1.6362 -1.438 0.31237
-0.50425 1.6408 -1.436 0.31696
-0.50202 1.6453 -1.4338 0.32144
-0.49954 1.6496 -1.4313 0.32578
-0.49681 1.6538 -1.4286 0.32997
-0.49433 1.6582 -1.4261 0.33431
-0.4921 1.6626 -1.4238 0.33878
-0.49014 1.6672 -1.4219 0.34338
-0.48844 1.6719 -1.4202 0.34808
-0.48701 1.6767 -1.4188 0.35288
-0.48587 1.6816 -1.4176 0.35774
-0.48501 1.6865 -1.4168 0.36267
-0.48443 1.6915 -1.4162 0.36764
-0.48414 1.6965 -1.4159 0.37263
-0.48414 1.7015 -1.4159 0.37763
-0.48386 1.7065 -1.4156 0.38262
-0.48328 1.7114 -1.415 0.38759
-0.48242 1.7164 -1.4142 0.39251
-0.48127 1.7212 -1.413 0.39738
-0.47985 1.726 -1.4116 0.40217
-0.47815 1.7307 -1.4099 0.40688
-0.47619 1.7353 -1.4079 0.41147
-0.47396 1.7398 -1.4057 0.41595
-0.47148 1.7441 -1.4032 0.42029
-0.46875 1.7483 -1.4005 0.42448
-0.46602 1.7525 -1.3978 0.42867
-0.46329 1.7567 -1.395 0.43286
-0.46056 1.7609 -1.3923 0.43705
-0.45783 1.7651 -1.3896 0.44124
-0.4551 1.7693 -1.3868 0.44543
-0.45237 1.7735 -1.3841 0.44962
-0.44964 1.7777 -1.3814 0.4538
-0.44691 1.7819 -1.3787 0.45799
-0.44418 1.786 -1.3759 0.46218
-0.44146 1.7902 -1.3732 0.46637
-0.43873 1.7944 -1.3705 0.47056
-0.436 1.7986 -1.3677 0.47475
-0.43327 1.8028 -1.365 0.47894
-0.43054 1.807 -1.3623 0.48313
-0.42781 1.8112 -1.3596 0.48732
-0.42508 1.8154 -1.3568 0.49151
-0.42235 1.8196 -1.3541 0.4957
-0.41962 1.8237 -1.3514 0.49989
-0.41689 1.8279 -1.3486 0.50408
-0.41417 1.8321 -1.3459 0.50827
-0.41168 1.8365 -1.3434 0.51261
-0.40945 1.8409 -1.3412 0.51709
-0.40749 1.8455 -1.3392 0.52168
-0.40579 1.8502 -1.3375 0.52639
-0.40437 1.855 -1.3361 0.53118
-0.40322 1.8599 -1.335 0.53605
-0.40236 1.8648 -1.3341 0.54097
-0.40179 1.8698 -1.3335 0.54594
-0.4015 1.8748 -1.3332 0.55093
-0.4015 1.8798 -1.3332 0.55593
-0.40121 1.8848 -1.333 0.56092
-0.40063 1.8897 -1.3324 0.56589
-0.39977 1.8947 -1.3315 0.57081
-0.39863 1.8995 -1.3304 0.57568
-0.3972 1.9043 -1.3289 0.58047
-0.39551 1.909 -1.3273 0.58518
-0.39354 1.9136 -1.3253 0.58977
-0.39131 1.9181 -1.3231 0.59425
-0.38883 1.9224 -1.3206 0.59859
-0.3861 1.9266 -1.3178 0.60278
-0.38313 1.9307 -1.3149 0.6068
-0.37994 1.9345 -1.3117 0.61065
-0.37653 1.9382 -1.3083 0.61431
-0.37291 1.9416 -1.3047 0.61776
-0.3691 1.9449 -1.3009 0.621
-0.36512 1.9479 -1.2969 0.62402
-0.36096 1.9507 -1.2927 0.62679
-0.35665 1.9532 -1.2884 0.62933
-0.3522 1.9555 -1.2839 0.63161
-0.34763 1.9575 -1.2794 0.63363
-0.34318 1.9598 -1.2749 0.63591
-0.33887 1.9623 -1.2706 0.63845
-0.33471 1.9651 -1.2665 0.64123
-0.33072 1.9681 -1.2625 0.64424
-0.32691 1.9713 -1.2587 0.64748
-0.3233 1.9748 -1.255 0.65093
-0.31989 1.9784 -1.2516 0.65459
-0.31669 1.9823 -1.2484 0.65844
-0.31373 1.9863 -1.2455 0.66246
-0.311 1.9905 -1.2427 0.66665
-0.30827 1.9947 -1.24 0.67084
-0.30554 1.9989 -1.2373 0.67503
-0.30281 2.0031 -1.2346 0.67922
-0.30008 2.0073 -1.2318 0.68341
-0.29735 2.0115 -1.2291 0.6876
-0.29462 2.0156 -1.2264 0.69179
-0.29189 2.0198 -1.2236 0.69598
-0.28917 2.024 -1.2209 0.70017
-0.28644 2.0282 -1.2182 0.70436
-0.28371 2.0324 -1.2155 0.70855
-0.28074 2.0364 -1.2125 0.71257
-0.27755 2.0403 -1.2093 0.71642
-0.27414 2.0439 -1.2059 0.72008
-0.27052 2.0474 -1.2023 0.72353
-0.26671 2.0506 -1.1985 0.72677
-0.26272 2.0536 -1.1945 0.72978
-0.25857 2.0564 -1.1903 0.73256
-0.25426 2.059 -1.186 0.7351
-0.24981 2.0612 -1.1816 0.73738
-0.24523 2.0633 -1.177 0.7394
-0.24079 2.0655 -1.1725 0.74168
-0.23647 2.0681 -1.1682 0.74421
-0.23232 2.0709 -1.1641 0.74699
-0.22833 2.0739 -1.1601 0.75001
-0.22452 2.0771 -1.1563 0.75325
-0.2209 2.0806 -1.1527 0.7567
-0.21749 2.0842 -1.1492 0.76036
-0.2143 2.0881 -1.146 0.7642
-0.21133 2.0921 -1.1431 0.76823
-0.20861 2.0963 -1.1404 0.77242
-0.20588 2.1005 -1.1376 0.77661
-0.20315 2.1047 -1.1349 0.7808
-0.20042 2.1088 -1.1322 0.78499
-0.19769 2.113 -1.1294 0.78918
-0.19496 2.1172 -1.1267 0.79337
-0.19223 2.1214 -1.124 0.79756
-0.1895 2.1256 -1.1212 0.80175
-0.18677 2.1298 -1.1185 0.80594
-0.18404 2.134 -1.1158 0.81013
-0.18132 2.1382 -1.1131 0.81431
-0.17883 2.1425 -1.1103 0.8185
-0.1766 2.147 -1.1076 0.82269
-0.17464 2.1516 -1.1049 0.82688
-0.17294 2.1563 -1.1021 0.83107
-0.17152 2.1611 -1.0994 0.83526
-0.17037 2.1659 -1.0967 0.83945
-0.16951 2.1709 -1.094 0.84364
-0.16893 2.1758 -1.0912 0.84783
-0.16865 2.1808 -1.0885 0.85202
-0.16865 2.1858 -1.0858 0.85621
-0.16836 2.1908 -1.0833 0.86055
-0.16778 2.1958 -1.0811 0.86503
-0.16692 2.2007 -1.0791 0.86962
-0.16578 2.2056 -1.0774 0.87433
-0.16435 2.2104 -1.076 0.87912
-0.16265 2.2151 -1.0748 0.88399
-0.16069 2.2197 -1.074 0.88891
-0.15846 2.2242 -1.0734 0.89388
-0.15598 2.2285 -1.0731 0.89887
-0.15325 2.2327 -1.0731 0.90387
-0.15077 2.237 -1.0731 0.90887
-0.14854 2.2415 -1.0731 0.91387
-0.14657 2.2461 -1.0731 0.91887
-0.14487 2.2508 -1.0731 0.92387
-0.14345 2.2556 -1.0731 0.92887
-0.14231 2.2605 -1.0731 0.93387
-0.14144 2.2654 -1.0731 0.93887
-0.14087 2.2704 -1.0731 0.94387
-0.14058 2.2753 -1.0731 0.94887
-0.14058 2.2803 -1.0731 0.95387
-0.14029 2.2853 -1.0728 0.95886
-0.13972 2.2903 -1.0722 0.96383
-0.13885 2.2952 -1.0714 0.96875
-0.13771 2.3001 -1.0702 0.97362
-0.13629 2.3049 -1.0688 0.97841
-0.13459 2.3096 -1.0671 0.98312
-0.13262 2.3142 -1.0651 0.98771
-0.13039 2.3187 -1.0629 0.99219
-0.12791 2.323 -1.0604 0.99653
-0.12518 2.3272 -1.0577 1.0007
-0.12222 2.3312 -1.0547 1.0047
-0.11902 2.3351 -1.0515 1.0086
-0.11561 2.3387 -1.0481 1.0122
-0.112 2.3422 -1.0445 1.0157
-0.10819 2.3454 -1.0407 1.0189
-0.1042 2.3484 -1.0367 1.022
-0.10004 2.3512 -1.0326 1.0247
-0.095731 2.3537 -1.0283 1.0273
-0.091282 2.356 -1.0238 1.0296
-0.086709 2.358 -1.0192 1.0316
-0.08226 2.3603 -1.0148 1.0339
-0.07795 2.3629 -1.0105 1.0364
-0.073793 2.3656 -1.0063 1.0392
-0.069804 2.3687 -1.0023 1.0422
-0.065995 2.3719 -0.99852 1.0454
-0.062379 2.3753 -0.9949 1.0489
-0.058969 2.379 -0.99149 1.0525
-0.055776 2.3828 -0.9883 1.0564
-0.052809 2.3869 -0.98533 1.0604
-0.05008 2.3911 -0.9826 1.0646
-0.047351 2.3953 -0.97987 1.0688
-0.044622 2.3994 -0.97715 1.073
-0.041893 2.4036 -0.97442 1.0772
-0.039164 2.4078 -0.97169 1.0814
-0.036435 2.412 -0.96896 1.0855
-0.033706 2.4162 -0.96623 1.0897
-0.030977 2.4204 -0.9635 1.0939
-0.028248 2.4246 -0.96077 1.0981
-0.025519 2.4288 -0.95804 1.1023
-0.02279 2.433 -0.95531 1.1065
-0.020061 2.4371 -0.95235 1.1105
-0.017332 2.4413 -0.94915 1.1144
-0.014603 2.4455 -0.94574 1.118
-0.011874 2.4497 -0.94213 1.1215
-0.009145 2.4539 -0.93832 1.1247
-0.0064159 2.4581 -0.93433 1.1277
-0.0036869 2.4623 -0.93017 1.1305
-0.00095788 2.4665 -0.92586 1.133
0.0017711 2.4707 -0.92141 1.1353
0.0045002 2.4749 -0.91684 1.1373
0.0074664 2.4789 -0.91239 1.1396
0.01066 2.4827 -0.90808 1.1422
0.01407 2.4864 -0.90392 1.1449
0.017686 2.4898 -0.89993 1.1479
0.021495 2.4931 -0.89613 1.1512
0.025484 2.4961 -0.89251 1.1546
0.029641 2.4989 -0.8891 1.1583
0.033951 2.5014 -0.88591 1.1621
0.0384 2.5037 -0.88294 1.1662
0.042973 2.5057 -0.88021 1.1704
0.047422 2.508 -0.87748 1.1745
0.051732 2.5105 -0.87475 1.1787
0.055889 2.5133 -0.87202 1.1829
0.059878 2.5163 -0.8693 1.1871
0.063687 2.5196 -0.86657 1.1913
0.067303 2.523 -0.86384 1.1955
0.070713 2.5267 -0.86111 1.1997
0.073906 2.5305 -0.85838 1.2039
0.076873 2.5345 -0.85565 1.2081
0.079602 2.5387 -0.85292 1.2123
0.082331 2.5429 -0.85019 1.2164
0.08506 2.5471 -0.84746 1.2206
0.087789 2.5513 -0.84473 1.2248
0.090518 2.5555 -0.84201 1.229
0.093247 2.5597 -0.83928 1.2332
0.095976 2.5639 -0.83655 1.2374
0.098705 2.5681 -0.83382 1.2416
0.10143 2.5722 -0.83109 1.2458
0.10416 2.5764 -0.82836 1.25
0.10689 2.5806 -0.82563 1.2542
0.10962 2.5848 -0.8229 1.2583
0.11235 2.589 -0.82017 1.2625
0.11508 2.5932 -0.81744 1.2667
0.11781 2.5974 -0.81471 1.2709
0.12054 2.6016 -0.81199 1.2751
0.12327 2.6058 -0.80926 1.2793
0.126 2.6099 -0.80653 1.2835
0.12872 2.6141 -0.8038 1.2877
0.13145 2.6183 -0.80107 1.2919
0.13418 2.6225 -0.79834 1.296
0.13715 2.6265 -0.79537 1.3001
0.14034 2.6304 -0.79218 1.3039
0.14375 2.634 -0.78877 1.3076
0.14737 2.6375 -0.78516 1.311
0.15118 2.6407 -0.78135 1.3143
0.15517 2.6438 -0.77736 1.3173
0.15932 2.6465 -0.7732 1.3201
0.16363 2.6491 -0.76889 1.3226
0.16808 2.6513 -0.76444 1.3249
0.17266 2.6534 -0.75987 1.3269
0.17723 2.6554 -0.75529 1.3289
0.1818 2.6574 -0.75072 1.3309
0.18638 2.6594 -0.74615 1.333
0.19095 2.6615 -0.74157 1.335
0.19552 2.6635 -0.737 1.337
0.2001 2.6655 -0.73243 1.339
0.20467 2.6675 -0.72785 1.341
0.20924 2.6695 -0.72328 1.3431
0.21382 2.6716 -0.71871 1.3451
0.21839 2.6736 -0.71413 1.3471
0.22307 2.6753 -0.70945 1.3489
0.22785 2.6768 -0.70468 1.3503
0.2327 2.678 -0.69982 1.3515
0.23761 2.6789 -0.69491 1.3525
0.24257 2.6796 -0.68995 1.3531
0.24756 2.6799 -0.68496 1.3534
0.25256 2.68 -0.67996 1.3535
0.25756 2.6798 -0.67497 1.3533
0.26253 2.6792 -0.66999 1.3528
0.26746 2.6784 -0.66506 1.352
0.27244 2.6779 -0.66008 1.3514
0.27743 2.6777 -0.65509 1.3512
0.28243 2.6777 -0.65009 1.3513
0.28742 2.6781 -0.6451 1.3516
0.29238 2.6787 -0.64014 1.3523
0.29729 2.6797 -0.63523 1.3532
0.30215 2.6809 -0.63038 1.3544
0.30692 2.6823 -0.6256 1.3559
0.31161 2.6841 -0.62092 1.3576
0.31618 2.6861 -0.61634 1.3596
0.32063 2.6884 -0.61189 1.3619
0.32494 2.6909 -0.60758 1.3645
0.32909 2.6937 -0.60343 1.3672
0.33308 2.6967 -0.59944 1.3702
0.33689 2.7 -0.59563 1.3735
0.34051 2.7034 -0.59201 1.3769
0.34392 2.7071 -0.5886 1.3806
0.34711 2.7109 -0.58541 1.3844
0.35008 2.7149 -0.58244 1.3885
0.35281 2.7191 -0.57972 1.3927
0.35577 2.7232 -0.57675 1.3967
0.35897 2.727 -0.57356 1.4005
0.36238 2.7307 -0.57015 1.4042
0.36599 2.7341 -0.56653 1.4076
0.3698 2.7374 -0.56272 1.4109
0.37379 2.7404 -0.55873 1.4139
0.37795 2.7431 -0.55457 1.4167
0.38226 2.7457 -0.55026 1.4192
0.38671 2.748 -0.54582 1.4215
0.39128 2.75 -0.54124 1.4235
0.39573 2.7523 -0.53679 1.4258
0.40004 2.7548 -0.53248 1.4283
0.4042 2.7576 -0.52833 1.4311
0.40819 2.7606 -0.52434 1.4341
0.41199 2.7638 -0.52053 1.4374
0.41561 2.7673 -0.51691 1.4408
0.41902 2.7709 -0.5135 1.4445
0.42221 2.7748 -0.51031 1.4483
0.42518 2.7788 -0.50734 1.4523
0.42791 2.783 -0.50461 1.4565
0.43088 2.787 -0.50165 1.4606
0.43407 2.7909 -0.49845 1.4644
0.43748 2.7945 -0.49504 1.4681
0.44109 2.798 -0.49143 1.4715
0.4449 2.8012 -0.48762 1.4748
0.44889 2.8042 -0.48363 1.4778
0.45305 2.807 -0.47947 1.4805
0.45736 2.8096 -0.47516 1.4831
0.46181 2.8118 -0.47071 1.4854
0.46638 2.8139 -0.46614 1.4874
0.47096 2.8159 -0.46157 1.4894
0.47553 2.8179 -0.45699 1.4914
0.4801 2.8199 -0.45242 1.4934
0.48468 2.8219 -0.44785 1.4955
0.48925 2.824 -0.44327 1.4975
0.49382 2.826 -0.4387 1.4995
0.4984 2.828 -0.43413 1.5015
0.50297 2.83 -0.42955 1.5035
0.50754 2.832 -0.42498 1.5056
0.51212 2.8341 -0.42041 1.5076
0.5168 2.8358 -0.41572 1.5093
0.52157 2.8373 -0.41095 1.5108
0.52643 2.8385 -0.4061 1.512
0.53134 2.8394 -0.40118 1.5129
0.5363 2.8401 -0.39622 1.5136
0.54129 2.8404 -0.39123 1.5139
0.54629 2.8405 -0.38623 1.514
0.55128 2.8402 -0.38124 1.5138
0.55626 2.8397 -0.37627 1.5132
0.56119 2.8389 -0.37133 1.5124
0.56617 2.8384 -0.36636 1.5119
0.57116 2.8382 -0.36136 1.5117
0.57616 2.8382 -0.35636 1.5118
0.58115 2.8386 -0.35138 1.5121
0.58611 2.8392 -0.34642 1.5127
0.59102 2.8401 -0.3415 1.5137
0.59587 2.8413 -0.33665 1.5149
0.60065 2.8428 -0.33187 1.5163
0.60533 2.8446 -0.32719 1.5181
0.60991 2.8466 -0.32262 1.5201
0.61448 2.8486 -0.31804 1.5221
0.61905 2.8506 -0.31347 1.5242
0.62363 2.8527 -0.3089 1.5262
0.6282 2.8547 -0.30432 1.5282
0.63277 2.8567 -0.29975 1.5302
0.63735 2.8587 -0.29518 1.5322
0.64192 2.8607 -0.2906 1.5343
0.64649 2.8628 -0.28603 1.5363
0.65107 2.8648 -0.28146 1.5383
0.65564 2.8668 -0.27688 1.5403
0.66032 2.8686 -0.2722 1.5421
0.6651 2.87 -0.26743 1.5436
0.66995 2.8712 -0.26257 1.5448
0.67487 2.8722 -0.25766 1.5457
0.67983 2.8728 -0.2527 1.5463
0.68481 2.8731 -0.24771 1.5467
0.68981 2.8732 -0.24271 1.5467
0.69481 2.873 -0.23772 1.5465
0.69978 2.8725 -0.23274 1.546
0.70472 2.8717 -0.22781 1.5452
0.70965 2.8708 -0.22293 1.5441
0.71459 2.87 -0.21812 1.5427
0.71952 2.8692 -0.21339 1.5411
0.72446 2.8684 -0.20877 1.5392
0.72939 2.8676 -0.20427 1.537
0.73433 2.8668 -0.1999 1.5346
0.73926 2.866 -0.19568 1.5319
0.7442 2.8652 -0.19162 1.529
0.74913 2.8644 -0.18773 1.5258
0.75407 2.8636 -0.18404 1.5225
0.759 2.8628 -0.18054 1.5189
0.76394 2.862 -0.17726 1.5151
0.76887 2.8612 -0.17419 1.5112
0.77381 2.8604 -0.17137 1.507
0.77874 2.8596 -0.16878 1.5028
0.78368 2.8588 -0.16645 1.4983
0.78861 2.858 -0.16437 1.4938
0.79355 2.8572 -0.16256 1.4891
0.79848 2.8564 -0.16102 1.4844
0.80342 2.8556 -0.15976 1.4795
0.8083 2.8545 -0.15878 1.4746
0.81311 2.8531 -0.15809 1.4697
0.81783 2.8515 -0.15768 1.4647
0.82245 2.8496 -0.15756 1.4597
0.82695 2.8474 -0.15773 1.4547
0.83132 2.845 -0.15819 1.4497
0.83555 2.8423 -0.15893 1.4448
0.83961 2.8394 -0.15996 1.4399
0.84349 2.8362 -0.16127 1.4351
0.84719 2.8329 -0.16285 1.4303
0.85107 2.8297 -0.16444 1.4256
0.85513 2.8268 -0.16602 1.4208
0.85936 2.8241 -0.16761 1.4161
0.86372 2.8217 -0.16919 1.4113
0.86823 2.8195 -0.17078 1.4066
0.87285 2.8176 -0.17236 1.4019
0.87757 2.816 -0.17395 1.3971
0.88238 2.8146 -0.17553 1.3924
0.88726 2.8135 -0.17712 1.3876
0.8922 2.8127 -0.1787 1.3829
0.89717 2.8122 -0.18056 1.3782
0.90216 2.812 -0.18268 1.3737
0.90716 2.812 -0.18505 1.3693
0.91215 2.8124 -0.18768 1.3651
0.91711 2.813 -0.19055 1.361
0.92203 2.8139 -0.19365 1.3571
0.92688 2.8151 -0.19697 1.3533
0.93165 2.8166 -0.20051 1.3498
0.93634 2.8184 -0.20424 1.3464
0.94091 2.8204 -0.20815 1.3433
0.94559 2.8221 -0.21188 1.34
0.95037 2.8236 -0.21542 1.3365
0.95522 2.8248 -0.21874 1.3327
0.96014 2.8258 -0.22184 1.3288
0.9651 2.8264 -0.22471 1.3247
0.97008 2.8267 -0.22734 1.3205
0.97508 2.8268 -0.22971 1.3161
0.98008 2.8266 -0.23183 1.3115
0.98505 2.8261 -0.23369 1.3069
0.98999 2.8252 -0.23527 1.3022
0.99492 2.8244 -0.23713 1.2975
0.99986 2.8236 -0.23925 1.293
1.0048 2.8228 -0.24163 1.2886
1.0097 2.822 -0.24426 1.2843
1.0147 2.8212 -0.24713 1.2802
1.0196 2.8204 -0.25023 1.2763
1.0245 2.8196 -0.25355 1.2726
1.0295 2.8188 -0.25708 1.269
1.0344 2.818 -0.26081 1.2657
1.0393 2.8172 -0.26473 1.2626
1.0443 2.8167 -0.26864 1.2595
1.0493 2.8165 -0.27256 1.2564
1.0543 2.8165 -0.27648 1.2533
1.0593 2.8169 -0.28039 1.2502
1.0643 2.8175 -0.28431 1.2471
1.0692 2.8184 -0.28822 1.2439
1.074 2.8196 -0.29214 1.2408
1.0788 2.8211 -0.29606 1.2377
1.0835 2.8229 -0.29997 1.2346
1.0881 2.8249 -0.30389 1.2315
1.0926 2.8269 -0.30798 1.2286
1.0972 2.8289 -0.31223 1.226
1.1018 2.831 -0.31662 1.2236
1.1063 2.833 -0.32114 1.2215
1.1109 2.835 -0.32578 1.2196
1.1155 2.837 -0.33052 1.218
1.1201 2.839 -0.33535 1.2167
1.1246 2.8411 -0.34024 1.2157
1.1292 2.8431 -0.34518 1.2149
1.1338 2.8451 -0.35016 1.2144
1.1384 2.8471 -0.35514 1.214
1.1429 2.8491 -0.36011 1.2135
1.1475 2.8512 -0.36509 1.213
1.1521 2.8532 -0.37007 1.2126
1.1567 2.8552 -0.37505 1.2121
1.1612 2.8572 -0.38003 1.2116
1.1658 2.8593 -0.385 1.2112
1.1704 2.8613 -0.38998 1.2107
1.1749 2.8633 -0.39496 1.2102
1.1795 2.8653 -0.39994 1.2098
1.1842 2.8671 -0.40488 1.209
1.189 2.8686 -0.40977 1.208
1.1938 2.8698 -0.4146 1.2067
1.1987 2.8707 -0.41933 1.2051
1.2037 2.8713 -0.42397 1.2032
1.2087 2.8717 -0.4285 1.2011
1.2137 2.8717 -0.43289 1.1987
1.2187 2.8715 -0.43714 1.196
1.2237 2.871 -0.44123 1.1932
1.2286 2.8702 -0.44514 1.1901
1.2335 2.8694 -0.44923 1.1872
1.2385 2.8686 -0.45348 1.1845
1.2434 2.8678 -0.45788 1.1822
1.2483 2.867 -0.4624 1.18
1.2533 2.8662 -0.46704 1.1782
1.2582 2.8654 -0.47178 1.1766
1.2631 2.8645 -0.4766 1.1753
1.2681 2.8637 -0.48149 1.1742
1.273 2.8629 -0.48643 1.1735
1.2779 2.8621 -0.49141 1.173
1.2829 2.8613 -0.49636 1.1722
1.2878 2.8605 -0.50125 1.1712
1.2928 2.8597 -0.50607 1.1699
1.2977 2.8589 -0.51081 1.1683
1.3026 2.8581 -0.51545 1.1664
1.3076 2.8573 -0.51997 1.1643
1.3125 2.8565 -0.52436 1.1619
1.3174 2.8557 -0.52861 1.1593
1.3224 2.8549 -0.5327 1.1564
1.3273 2.8541 -0.53662 1.1533
1.3323 2.8536 -0.54071 1.1504
1.3373 2.8534 -0.54496 1.1478
1.3423 2.8534 -0.54935 1.1454
1.3473 2.8538 -0.55387 1.1433
1.3522 2.8544 -0.55851 1.1414
1.3571 2.8553 -0.56325 1.1398
1.362 2.8565 -0.56807 1.1385
1.3668 2.858 -0.57296 1.1374
1.3714 2.8598 -0.57791 1.1367
1.376 2.8618 -0.58289 1.1362
1.3807 2.8635 -0.58788 1.136
1.3855 2.865 -0.59288 1.1361
1.3903 2.8662 -0.59787 1.1365
1.3952 2.8671 -0.60282 1.1372
1.4002 2.8678 -0.60772 1.1382
1.4052 2.8681 -0.61256 1.1395
1.4102 2.8682 -0.61733 1.141
1.4152 2.868 -0.62199 1.1428
1.4202 2.8674 -0.62654 1.1448
1.4251 2.8666 -0.63097 1.1472
1.43 2.8658 -0.63552 1.1492
1.435 2.865 -0.64019 1.151
1.4399 2.8642 -0.64495 1.1526
1.4448 2.8634 -0.64979 1.1538
1.4498 2.8626 -0.65469 1.1548
1.4547 2.8618 -0.65965 1.1555
1.4596 2.861 -0.66463 1.1559
1.4646 2.8602 -0.66963 1.156
1.4695 2.8594 -0.67463 1.1558
1.4744 2.8586 -0.67961 1.1553
1.4794 2.8578 -0.6846 1.1552
1.4843 2.857 -0.6896 1.1553
1.4892 2.8562 -0.69458 1.1557
1.4942 2.8554 -0.69954 1.1563
1.4991 2.8546 -0.70444 1.1573
1.5041 2.8538 -0.70928 1.1586
1.509 2.853 -0.71404 1.1601
1.5139 2.8522 -0.71871 1.1619
1.5189 2.8514 -0.72326 1.164
1.5238 2.8506 -0.72769 1.1663
1.5288 2.8501 -0.73212 1.1686
1.5338 2.8498 -0.73654 1.1709
1.5388 2.8499 -0.74097 1.1733
1.5437 2.8502 -0.74539 1.1756
1.5487 2.8509 -0.74982 1.1779
1.5536 2.8518 -0.75425 1.1802
1.5585 2.853 -0.75867 1.1826
1.5632 2.8545 -0.7631 1.1849
1.5679 2.8562 -0.76753 1.1872
1.5725 2.8583 -0.77195 1.1895
1.5772 2.86 -0.77638 1.1919
1.582 2.8615 -0.7808 1.1942
1.5868 2.8627 -0.78523 1.1965
1.5917 2.8636 -0.78966 1.1988
1.5967 2.8643 -0.79408 1.2012
1.6017 2.8646 -0.79851 1.2035
1.6067 2.8647 -0.80294 1.2058
1.6117 2.8644 -0.80736 1.2081
1.6166 2.8639 -0.81179 1.2105
1.6216 2.8631 -0.81621 1.2128
1.6265 2.8623 -0.82064 1.2151
1.6315 2.8615 -0.82507 1.2174
1.6364 2.8607 -0.82949 1.2198
1.6413 2.8599 -0.83392 1.2221
1.6463 2.8591 -0.83835 1.2244
1.6512 2.8583 -0.84277 1.2267
1.6561 2.8575 -0.8472 1.2291
1.6611 2.8567 -0.85162 1.2314
1.666 2.8559 -0.85605 1.2337
1.6709 2.8551 -0.86048 1.2361
1.6759 2.8543 -0.8649 1.2384
1.6808 2.8535 -0.86933 1.2407
1.6857 2.8527 -0.87376 1.243
1.6907 2.8519 -0.87818 1.2454
1.6956 2.8511 -0.88261 1.2477
1.7005 2.8503 -0.88703 1.25
1.7055 2.8495 -0.89146 1.2523
1.7104 2.8487 -0.89589 1.2547
1.7153 2.8479 -0.90031 1.257
1.7203 2.8471 -0.90474 1.2593
1.7252 2.846 -0.90917 1.2616
1.73 2.8446 -0.91359 1.264
1.7347 2.843 -0.91802 1.2663
1.7393 2.8411 -0.92244 1.2686
1.7438 2.8389 -0.92687 1.2709
1.7482 2.8364 -0.9313 1.2733
1.7524 2.8338 -0.93572 1.2756
1.7565 2.8309 -0.94015 1.2779
1.7604 2.8277 -0.94458 1.2802
1.7641 2.8243 -0.949 1.2826
1.7679 2.8212 -0.95355 1.2846
1.772 2.8183 -0.95822 1.2864
1.7762 2.8156 -0.96298 1.288
1.7806 2.8132 -0.96782 1.2892
1.7851 2.811 -0.97273 1.2902
1.7897 2.8091 -0.97768 1.2909
1.7944 2.8074 -0.98266 1.2913
1.7992 2.8061 -0.98766 1.2914
1.8041 2.805 -0.99266 1.2912
1.8091 2.8042 -0.99764 1.2907
1.814 2.8034 -1.0026 1.2905
1.8189 2.8026 -1.0076 1.2907
1.8239 2.8018 -1.0126 1.291
1.8288 2.801 -1.0176 1.2917
1.8337 2.8002 -1.0225 1.2927
1.8387 2.7994 -1.0273 1.294
1.8436 2.7986 -1.0321 1.2955
1.8485 2.7978 -1.0367 1.2973
1.8535 2.797 -1.0413 1.2993
1.8584 2.7962 -1.0457 1.3017
1.8633 2.7954 -1.05 1.3043
1.8683 2.7945 -1.0541 1.3071
1.8732 2.7937 -1.0581 1.3101
1.8782 2.7929 -1.0619 1.3134
1.8831 2.7921 -1.0655 1.3169
1.888 2.7913 -1.0688 1.3206
1.893 2.7905 -1.072 1.3245
1.8979 2.7897 -1.0749 1.3285
1.9028 2.7889 -1.0776 1.3327
1.9078 2.7881 -1.08 1.3371
1.9127 2.7876 -1.0822 1.3416
1.9177 2.7874 -1.0841 1.3462
1.9227 2.7874 -1.0858 1.3509
1.9277 2.7878 -1.0872 1.3557
1.9327 2.7884 -1.0883 1.3606
1.9376 2.7893 -1.0891 1.3655
1.9424 2.7905 -1.0896 1.3705
1.9472 2.792 -1.0898 1.3755
1.9519 2.7938 -1.0898 1.3805
1.9565 2.7958 -1.0895 1.3855
1.9612 2.7976 -1.0891 1.3905
1.9659 2.799 -1.0888 1.3955
1.9708 2.8002 -1.0884 1.4005
1.9757 2.8012 -1.0881 1.4055
1.9807 2.8018 -1.0878 1.4104
1.9857 2.8021 -1.0874 1.4154
1.9907 2.8022 -1.0871 1.4204
1.9956 2.802 -1.0867 1.4254
2.0006 2.8015 -1.0864 1.4304
2.0056 2.8007 -1.0861 1.4354
2.0105 2.7999 -1.0857 1.4404
2.0154 2.799 -1.0854 1.4454
2.0204 2.7982 -1.0851 1.4504
2.0253 2.7974 -1.0847 1.4553
2.0302 2.7966 -1.0844 1.4603
2.0352 2.7958 -1.084 1.4653
2.0401 2.795 -1.0837 1.4703
2.045 2.7942 -1.0834 1.4753
2.05 2.7934 -1.083 1.4803
2.0549 2.7926 -1.0827 1.4853
2.0598 2.7915 -1.0826 1.4903
2.0646 2.7902 -1.0829 1.4953
2.0693 2.7885 -1.0834 1.5002
2.0739 2.7866 -1.0842 1.5052
2.0784 2.7844 -1.0853 1.5101
2.0828 2.782 -1.0867 1.5149
2.087 2.7793 -1.0883 1.5196
2.0911 2.7764 -1.0903 1.5242
2.095 2.7733 -1.0924 1.5287
2.0987 2.7699 -1.0949 1.5331
2.1026 2.7668 -1.0971 1.5376
2.1066 2.7638 -1.099 1.5422
2.1108 2.7612 -1.1006 1.5469
2.1152 2.7587 -1.102 1.5517
2.1197 2.7566 -1.1031 1.5566
2.1243 2.7546 -1.1039 1.5615
2.1291 2.753 -1.1044 1.5665
2.1339 2.7516 -1.1047 1.5715
2.1387 2.7506 -1.1046 1.5765
2.1437 2.7497 -1.1043 1.5815
2.1486 2.7489 -1.104 1.5865
2.1536 2.7481 -1.1036 1.5914
2.1585 2.7473 -1.1033 1.5964
2.1634 2.7465 -1.1029 1.6014
2.1684 2.7457 -1.1026 1.6064
2.1733 2.7449 -1.1023 1.6114
2.1782 2.7441 -1.1019 1.6164
2.1832 2.7433 -1.1016 1.6214
2.1881 2.7425 -1.1013 1.6264
2.193 2.7417 -1.1009 1.6314
2.198 2.7409 -1.1006 1.6363
2.2029 2.7401 -1.1002 1.6413
2.2078 2.7393 -1.0999 1.6463
2.2128 2.7385 -1.0996 1.6513
2.2177 2.7377 -1.0992 1.6563
2.2226 2.7369 -1.0989 1.6613
2.2276 2.7361 -1.0986 1.6663
2.2325 2.7353 -1.0982 1.6713
2.2375 2.7345 -1.0979 1.6762
2.2424 2.7337 -1.0975 1.6812
2.2473 2.7329 -1.0972 1.6862
2.2523 2.7321 -1.0969 1.6912
2.2572 2.7313 -1.0965 1.6962
2.2621 2.7305 -1.0962 1.7012
2.2671 2.7297 -1.0958 1.7062
2.272 2.7289 -1.0955 1.7112
2.2769 2.7281 -1.0952 1.7162
2.2819 2.7273 -1.0948 1.7211
2.2868 2.7265 -1.0945 1.7261
2.2917 2.7257 -1.0942 1.7311
2.2967 2.7249 -1.0935 1.7361
2.3016 2.7241 -1.0926 1.741
2.3065 2.7233 -1.0914 1.7459
2.3115 2.7225 -1.09 1.7506
2.3164 2.7217 -1.0882 1.7553
2.3213 2.7208 -1.0862 1.7599
2.3263 2.72 -1.0839 1.7644
2.3312 2.7192 -1.0814 1.7687
2.3362 2.7184 -1.0786 1.7728
2.3411 2.7176 -1.0756 1.7768
2.3461 2.7171 -1.0729 1.781
2.3511 2.7169 -1.0703 1.7853
2.3561 2.717 -1.0681 1.7898
2.361 2.7173 -1.066 1.7943
2.366 2.7179 -1.0643 1.799
2.3709 2.7189 -1.0628 1.8038
2.3758 2.7201 -1.0616 1.8087
2.3805 2.7215 -1.0607 1.8136
2.3852 2.7233 -1.0601 1.8185
2.3898 2.7253 -1.0598 1.8235
2.3945 2.7271 -1.0591 1.8285
2.3993 2.7285 -1.0582 1.8334
2.4041 2.7298 -1.057 1.8383
2.409 2.7307 -1.0556 1.843
2.414 2.7313 -1.0538 1.8477
2.419 2.7317 -1.0518 1.8523
2.424 2.7317 -1.0495 1.8567
2.429 2.7315 -1.047 1.8611
2.4339 2.731 -1.0442 1.8652
2.4389 2.7302 -1.0412 1.8692
2.4438 2.7291 -1.0385 1.8734
2.4486 2.7277 -1.0359 1.8777
2.4533 2.7261 -1.0337 1.8822
2.4579 2.7242 -1.0317 1.8867
2.4624 2.722 -1.0299 1.8914
2.4668 2.7196 -1.0284 1.8962
2.471 2.7169 -1.0272 1.901
2.4751 2.714 -1.0263 1.906
2.479 2.7108 -1.0257 1.9109
2.4826 2.7074 -1.0254 1.9159
2.4865 2.7043 -1.0253 1.9209
2.4906 2.7014 -1.0256 1.9259
2.4948 2.6987 -1.0261 1.9309
2.4992 2.6963 -1.0269 1.9358
2.5037 2.6941 -1.028 1.9407
2.5083 2.6922 -1.0294 1.9455
2.513 2.6905 -1.031 1.9502
2.5178 2.6892 -1.0329 1.9548
2.5227 2.6881 -1.0351 1.9593
2.5277 2.6873 -1.0376 1.9637
2.5326 2.6865 -1.0398 1.9682
2.5375 2.6857 -1.0417 1.9728
2.5425 2.6849 -1.0433 1.9775
2.5474 2.6841 -1.0447 1.9823
2.5523 2.6833 -1.0458 1.9872
2.5573 2.6825 -1.0466 1.9922
2.5622 2.6817 -1.0471 1.9971
2.5671 2.6809 -1.0474 2.0021
2.5721 2.6801 -1.0473 2.0071
2.577 2.6793 -1.047 2.0121
2.5819 2.6785 -1.0464 2.0171
2.5869 2.6777 -1.0454 2.022
2.5918 2.6769 -1.0443 2.0268
2.5967 2.6761 -1.0428 2.0316
2.6017 2.6752 -1.041 2.0363
2.6066 2.6744 -1.039 2.0409
2.6116 2.6736 -1.0368 2.0453
2.6165 2.6728 -1.0342 2.0497
2.6214 2.672 -1.0315 2.0538
2.6264 2.6712 -1.0285 2.0578
2.6312 2.6701 -1.0252 2.0616
2.636 2.6688 -1.0218 2.0652
2.6408 2.6671 -1.0181 2.0687
2.6454 2.6652 -1.0143 2.0719
2.6499 2.6631 -1.0103 2.0748
2.6543 2.6606 -1.0061 2.0776
2.6585 2.6579 -1.0017 2.0801
2.6625 2.655 -0.99728 2.0823
2.6664 2.6519 -0.99268 2.0843
2.6701 2.6485 -0.98798 2.086
2.674 2.6454 -0.98339 2.088
2.6781 2.6424 -0.97892 2.0902
2.6823 2.6398 -0.97458 2.0927
2.6867 2.6373 -0.9704 2.0954
2.6912 2.6352 -0.96638 2.0984
2.6958 2.6333 -0.96254 2.1016
2.7005 2.6316 -0.95889 2.105
2.7053 2.6302 -0.95544 2.1086
2.7102 2.6292 -0.95221 2.1125
2.7151 2.6284 -0.94921 2.1165
2.7201 2.6278 -0.94597 2.1203
2.7251 2.6276 -0.94253 2.1239
2.7301 2.6277 -0.93888 2.1273
2.7351 2.628 -0.93504 2.1305
2.7401 2.6287 -0.93102 2.1335
2.745 2.6296 -0.92683 2.1362
2.7498 2.6308 -0.9225 2.1387
2.7546 2.6323 -0.91803 2.141
2.7593 2.634 -0.91343 2.1429
2.7639 2.636 -0.90873 2.1446
2.7684 2.6381 -0.90414 2.1466
2.773 2.6401 -0.89967 2.1488
2.7776 2.6421 -0.89533 2.1513
2.7821 2.6441 -0.89115 2.1541
2.7867 2.6461 -0.88713 2.1571
2.7913 2.6482 -0.88329 2.1603
2.7959 2.6502 -0.87964 2.1637
2.8004 2.6522 -0.87619 2.1673
2.805 2.6542 -0.87296 2.1711
2.8096 2.6562 -0.86996 2.1751
2.8142 2.6583 -0.86673 2.1789
2.8187 2.6603 -0.86328 2.1825
2.8233 2.6623 -0.85963 2.186
2.8279 2.6643 -0.85579 2.1892
2.8325 2.6663 -0.85177 2.1921
2.837 2.6684 -0.84759 2.1949
2.8416 2.6704 -0.84325 2.1974
2.8462 2.6724 -0.83878 2.1996
2.8507 2.6744 -0.83419 2.2016
2.8553 2.6765 -0.82949 2.2033
2.86 2.6782 -0.8247 2.2047
2.8648 2.6797 -0.81983 2.2059
2.8696 2.6809 -0.81491 2.2067
2.8745 2.6818 -0.80994 2.2073
2.8795 2.6824 -0.80495 2.2076
2.8845 2.6828 -0.79995 2.2076
2.8895 2.6829 -0.79496 2.2074
2.8945 2.6826 -0.78999 2.2068
2.8995 2.6821 -0.78506 2.2059
2.9044 2.6813 -0.78019 2.2048
2.9094 2.6808 -0.77527 2.204
2.9144 2.6806 -0.7703 2.2034
2.9194 2.6806 -0.76531 2.2031
2.9243 2.681 -0.76031 2.2031
2.9293 2.6816 -0.75532 2.2034
2.9342 2.6825 -0.75035 2.204
2.9391 2.6837 -0.74543 2.2049
2.9439 2.6852 -0.74056 2.206
2.9485 2.687 -0.73577 2.2075
2.9531 2.689 -0.73107 2.2092
2.9578 2.6907 -0.72637 2.2109
2.9626 2.6922 -0.72167 2.2126
2.9674 2.6934 -0.71697 2.2143
2.9723 2.6943 -0.71227 2.216
2.9773 2.695 -0.70758 2.2177
2.9823 2.6953 -0.70288 2.2194
2.9873 2.6954 -0.69818 2.2211
2.9923 2.6952 -0.69348 2.2228
2.9972 2.6946 -0.68878 2.2245
3.0022 2.6938 -0.68408 2.2262
3.0071 2.693 -0.67948 2.2282
3.0121 2.6922 -0.67501 2.2305
3.017 2.6914 -0.67068 2.2329
3.0219 2.6906 -0.66649 2.2357
3.0269 2.6898 -0.66247 2.2387
3.0318 2.689 -0.65863 2.2419
3.0367 2.6882 -0.65498 2.2453
3.0417 2.6874 -0.65154 2.2489
3.0466 2.6866 -0.64831 2.2527
3.0515 2.6858 -0.6453 2.2567
3.0565 2.685 -0.64207 2.2605
3.0614 2.6842 -0.63862 2.2641
3.0663 2.6834 -0.63497 2.2676
3.0713 2.6826 -0.63113 2.2708
3.0762 2.6818 -0.62711 2.2737
3.0811 2.681 -0.62293 2.2765
3.0861 2.6802 -0.61859 2.279
3.091 2.6794 -0.61412 2.2812
3.096 2.6786 -0.60953 2.2832
3.1009 2.6778 -0.60483 2.2849
3.1058 2.6767 -0.60024 2.2869
3.1106 2.6753 -0.59576 2.2891
3.1153 2.6737 -0.59143 2.2916
3.1199 2.6718 -0.58724 2.2943
3.1244 2.6696 -0.58323 2.2973
3.1288 2.6672 -0.57939 2.3005
3.133 2.6645 -0.57574 2.3039
3.1371 2.6616 -0.57229 2.3075
3.141 2.6584 -0.56906 2.3114
3.1447 2.6551 -0.56605 2.3154
3.1485 2.6519 -0.56282 2.3192
3.1526 2.649 -0.55937 2.3228
3.1568 2.6463 -0.55572 2.3262
3.1612 2.6439 -0.55188 2.3294
3.1657 2.6417 -0.54786 2.3324
3.1703 2.6398 -0.54368 2.3351
3.175 2.6382 -0.53934 2.3376
3.1798 2.6368 -0.53487 2.3399
3.1847 2.6357 -0.53028 2.3418
3.1897 2.6349 -0.52558 2.3435
3.1945 2.6338 -0.52088 2.3452
3.1994 2.6324 -0.51618 2.347
3.2041 2.6308 -0.51148 2.3487
3.2087 2.6289 -0.50678 2.3504
3.2132 2.6267 -0.50208 2.3521
3.2176 2.6243 -0.49738 2.3538
3.2218 2.6216 -0.49268 2.3555
3.2259 2.6187 -0.48798 2.3572
3.2297 2.6155 -0.48328 2.3589
3.2334 2.6122 -0.47858 2.3606
3.2373 2.609 -0.47399 2.3626
3.2414 2.6061 -0.46952 2.3648
3.2456 2.6034 -0.46519 2.3673
3.25 2.601 -0.461 2.3701
3.2545 2.5988 -0.45698 2.373
3.2591 2.5969 -0.45314 2.3762
3.2638 2.5953 -0.44949 2.3796
3.2686 2.5939 -0.44605 2.3833
3.2735 2.5928 -0.44281 2.3871
3.2784 2.592 -0.43981 2.3911
3.2834 2.5915 -0.43658 2.3949
3.2884 2.5913 -0.43313 2.3985
3.2934 2.5913 -0.42948 2.4019
3.2984 2.5917 -0.42564 2.4051
3.3034 2.5923 -0.42162 2.4081
3.3083 2.5932 -0.41744 2.4108
3.3131 2.5944 -0.4131 2.4133
3.3179 2.5959 -0.40863 2.4156
3.3226 2.5977 -0.40404 2.4175
3.3272 2.5997 -0.39934 2.4193
3.3318 2.6015 -0.39464 2.421
3.3366 2.6029 -0.38994 2.4227
3.3415 2.6041 -0.38524 2.4244
3.3464 2.6051 -0.38054 2.4261
3.3513 2.6057 -0.37584 2.4278
3.3563 2.606 -0.37114 2.4295
3.3613 2.6061 -0.36644 2.4312
3.3663 2.6059 -0.36174 2.4329
3.3713 2.6054 -0.35704 2.4346
3.3762 2.6046 -0.35234 2.4363
3.3812 2.604 -0.34755 2.4378
3.3862 2.6038 -0.34269 2.4389
3.3912 2.6039 -0.33776 2.4398
3.3962 2.6042 -0.3328 2.4404
3.4011 2.6049 -0.32781 2.4407
3.4061 2.6058 -0.32281 2.4407
3.4109 2.607 -0.31781 2.4404
3.4157 2.6085 -0.31285 2.4398
3.4204 2.6102 -0.30792 2.439
3.4249 2.6122 -0.30305 2.4379
3.4295 2.6142 -0.29812 2.437
3.4341 2.6163 -0.29315 2.4364
3.4387 2.6183 -0.28816 2.4362
3.4432 2.6203 -0.28316 2.4362
3.4478 2.6223 -0.27817 2.4365
3.4524 2.6244 -0.27321 2.437
3.457 2.6264 -0.26828 2.4379
3.4615 2.6284 -0.26342 2.4391
3.4661 2.6304 -0.25863 2.4405
3.4707 2.6324 -0.25393 2.4422
3.4754 2.6342 -0.24933 2.4442
3.4801 2.6357 -0.24486 2.4464
3.485 2.6369 -0.24053 2.4489
3.4899 2.6378 -0.23634 2.4517
3.4949 2.6384 -0.23232 2.4546
3.4999 2.6388 -0.22848 2.4578
3.5049 2.6388 -0.22483 2.4612
3.5098 2.6386 -0.22139 2.4649
3.5148 2.6381 -0.21816 2.4687
3.5198 2.6373 -0.21515 2.4727
3.5247 2.6368 -0.21192 2.4765
3.5297 2.6365 -0.20847 2.4801
3.5347 2.6366 -0.20482 2.4835
3.5397 2.637 -0.20098 2.4867
3.5447 2.6376 -0.19696 2.4897
3.5496 2.6385 -0.19278 2.4925
3.5544 2.6397 -0.18844 2.4949
3.5592 2.6412 -0.18397 2.4972
3.5639 2.6429 -0.17938 2.4992
3.5685 2.645 -0.17468 2.5009
3.5732 2.6467 -0.16989 2.5023
3.5779 2.6482 -0.16502 2.5035
3.5828 2.6494 -0.1601 2.5043
3.5877 2.6503 -0.15513 2.5049
3.5927 2.651 -0.15014 2.5052
3.5976 2.6513 -0.14514 2.5052
3.6026 2.6514 -0.14015 2.5049
3.6076 2.6511 -0.13518 2.5044
3.6126 2.6506 -0.13026 2.5035
3.6175 2.6498 -0.12539 2.5024
3.6225 2.6493 -0.12059 2.501
3.6275 2.6491 -0.11588 2.4993
3.6325 2.6491 -0.11128 2.4973
3.6375 2.6495 -0.1068 2.4951
3.6425 2.6501 -0.10246 2.4926
3.6474 2.651 -0.098263 2.4899
3.6522 2.6522 -0.094232 2.487
3.657 2.6537 -0.090378 2.4838
3.6617 2.6555 -0.086715 2.4804
3.6663 2.6575 -0.083254 2.4768
3.6707 2.6598 -0.07959 2.4734
3.675 2.6623 -0.075737 2.4702
3.6792 2.6651 -0.071706 2.4672
3.6832 2.6681 -0.067511 2.4645
3.687 2.6713 -0.063166 2.462
3.6906 2.6748 -0.058685 2.4598
3.694 2.6785 -0.054084 2.4578
3.6972 2.6823 -0.049377 2.4562
3.7002 2.6863 -0.044581 2.4547
3.7029 2.6905 -0.039712 2.4536
3.7059 2.6945 -0.034916 2.4522
3.709 2.6984 -0.03021 2.4505
3.7125 2.702 -0.025608 2.4485
3.7161 2.7055 -0.021128 2.4463
3.7199 2.7087 -0.016783 2.4439
3.7239 2.7118 -0.012588 2.4411
3.728 2.7145 -0.0085566 2.4382
3.7323 2.7171 -0.0047029 2.435
3.7368 2.7193 -0.0010395 2.4316
3.7414 2.7214 0.0024215 2.428
3.7458 2.7236 0.0060849 2.4246
3.7501 2.7262 0.0099386 2.4214
3.7543 2.729 0.01397 2.4184
3.7583 2.732 0.018165 2.4157
3.7621 2.7352 0.02251 2.4132
3.7657 2.7387 0.02699 2.411
3.7691 2.7423 0.031591 2.4091
3.7723 2.7462 0.036298 2.4074
3.7753 2.7502 0.041094 2.406
3.778 2.7544 0.045963 2.4048
3.781 2.7584 0.050759 2.4034
3.7842 2.7623 0.055466 2.4017
3.7876 2.7659 0.060067 2.3998
3.7912 2.7694 0.064548 2.3975
3.795 2.7726 0.068893 2.3951
3.799 2.7756 0.073088 2.3924
3.8031 2.7784 0.077119 2.3894
3.8074 2.7809 0.080972 2.3862
3.8119 2.7832 0.084636 2.3828
3.8165 2.7852 0.088097 2.3792
3.8209 2.7875 0.09176 2.3758
3.8252 2.7901 0.095614 2.3726
3.8294 2.7928 0.099645 2.3696
3.8334 2.7958 0.10384 2.3669
3.8372 2.7991 0.10819 2.3645
3.8408 2.8025 0.11267 2.3622
3.8442 2.8062 0.11727 2.3603
3.8474 2.81 0.12197 2.3586
3.8504 2.8141 0.12677 2.3572
3.8531 2.8183 0.13164 2.356
3.8561 2.8223 0.13643 2.3546
3.8593 2.8261 0.14114 2.3529
3.8627 2.8298 0.14574 2.351
3.8663 2.8332 0.15022 2.3488
3.8701 2.8365 0.15457 2.3463
3.8741 2.8395 0.15876 2.3436
3.8782 2.8423 0.16279 2.3406
3.8825 2.8448 0.16665 2.3374
3.887 2.8471 0.17031 2.334
3.8916 2.8491 0.17377 2.3304
3.8961 2.8511 0.17744 2.327
3.9007 2.8532 0.18129 2.3238
3.9053 2.8552 0.18532 2.3209
3.9099 2.8572 0.18952 2.3181
3.9144 2.8592 0.19386 2.3157
3.919 2.8612 0.19834 2.3135
3.9236 2.8633 0.20294 2.3115
3.9282 2.8653 0.20765 2.3098
3.9327 2.8673 0.21244 2.3084
3.9373 2.8693 0.21731 2.3073
3.942 2.8711 0.22224 2.3064
3.9468 2.8726 0.22721 2.3058
3.9516 2.8738 0.2322 2.3056
3.9565 2.8747 0.2372 2.3056
3.9615 2.8753 0.24219 2.3059
3.9665 2.8757 0.24716 2.3065
3.9715 2.8757 0.25208 2.3073
3.9765 2.8755 0.25695 2.3085
3.9814 2.875 0.26174 2.3099
3.9864 2.8742 0.26644 2.3116
3.9913 2.8734 0.27103 2.3136
3.9962 2.8726 0.2755 2.3158
4.0012 2.8718 0.27984 2.3183
4.0061 2.871 0.28402 2.3211
4.0111 2.8702 0.28804 2.324
4.016 2.8694 0.29188 2.3272
4.0209 2.8686 0.29553 2.3307
4.0259 2.8678 0.29898 2.3343
4.0308 2.8669 0.30221 2.3381
4.0357 2.8661 0.30521 2.3421
4.0407 2.8656 0.30844 2.3459
4.0457 2.8654 0.31189 2.3495
4.0507 2.8655 0.31554 2.3529
4.0557 2.8658 0.31938 2.3561
4.0606 2.8664 0.3234 2.3591
4.0656 2.8674 0.32758 2.3619
4.0704 2.8686 0.33192 2.3644
4.0752 2.87 0.33639 2.3666
4.0799 2.8718 0.34098 2.3686
4.0844 2.8738 0.34568 2.3703
4.0889 2.8761 0.35038 2.372
4.0932 2.8786 0.35508 2.3737
4.0974 2.8814 0.35978 2.3754
4.1013 2.8844 0.36448 2.3771
4.1052 2.8877 0.36918 2.3788
4.1088 2.8911 0.37388 2.3805
4.1122 2.8948 0.37858 2.3822
4.1154 2.8986 0.38328 2.3839
4.1183 2.9027 0.38798 2.3856
4.1211 2.9068 0.39268 2.3873
4.1236 2.9112 0.39738 2.3891
4.1258 2.9157 0.40208 2.3908
4.1277 2.9203 0.40678 2.3925
4.1294 2.925 0.41148 2.3942
4.1309 2.9298 0.41618 2.3959
4.132 2.9346 0.42088 2.3976
4.1329 2.9395 0.42558 2.3993
4.1334 2.9445 0.43028 2.401
4.1337 2.9495 0.43498 2.4027
4.1337 2.9545 0.43968 2.4044
4.1337 2.9595 0.44447 2.4058
4.1337 2.9645 0.44933 2.407
4.1337 2.9695 0.45425 2.4079
4.1337 2.9745 0.45922 2.4085
4.1337 2.9795 0.46421 2.4088
4.1337 2.9845 0.46921 2.4088
4.1337 2.9895 0.4742 2.4085
4.1337 2.9945 0.47917 2.4079
4.1337 2.9995 0.4841 2.4071
4.1337 3.0045 0.48897 2.4059
4.134 3.0095 0.49389 2.4051
4.1346 3.0145 0.49886 2.4045
4.1355 3.0194 0.50385 2.4042
4.1366 3.0243 0.50885 2.4043
4.138 3.029 0.51385 2.4045
4.1397 3.0337 0.51881 2.4051
4.1417 3.0383 0.52373 2.406
4.1439 3.0428 0.5286 2.4072
4.1464 3.0472 0.53339 2.4086
4.1491 3.0514 0.53809 2.4103
4.1519 3.0555 0.54279 2.412
4.1546 3.0597 0.54749 2.4137
4.1573 3.0639 0.55219 2.4154
4.1601 3.0681 0.55689 2.4171
4.1628 3.0723 0.56159 2.4188
4.1655 3.0765 0.56629 2.4205
4.1682 3.0807 0.57099 2.4223
4.171 3.0849 0.57569 2.424
4.1737 3.0891 0.58038 2.4257
4.1764 3.0932 0.58508 2.4274
4.1789 3.0976 0.58987 2.4288
4.1811 3.1021 0.59474 2.43
4.1831 3.1067 0.59966 2.4308
4.1848 3.1114 0.60463 2.4314
4.1862 3.1162 0.60962 2.4317
4.1874 3.121 0.61462 2.4317
4.1882 3.1259 0.61961 2.4314
4.1888 3.1309 0.62458 2.4309
4.1891 3.1359 0.62951 2.43
4.1891 3.1409 0.63438 2.4289
4.1891 3.1459 0.63917 2.4275
4.1891 3.1509 0.64388 2.4258
4.1891 3.1559 0.64848 2.4238
4.1891 3.1609 0.65296 2.4216
4.1891 3.1659 0.65731 2.4191
4.1891 3.1709 0.6615 2.4164
4.1891 3.1759 0.66553 2.4135
4.1891 3.1809 0.66939 2.4103
4.1891 3.1859 0.67305 2.4069
4.1891 3.1909 0.67651 2.4033
4.1891 3.1959 0.68017 2.3999
4.1891 3.2009 0.68403 2.3967
4.1891 3.2059 0.68806 2.3937
4.1891 3.2109 0.69225 2.391
4.1891 3.2159 0.6966 2.3885
4.1891 3.2209 0.70108 2.3863
4.1891 3.2259 0.70568 2.3844
4.1891 3.2309 0.71039 2.3827
4.1891 3.2359 0.71518 2.3812
4.1891 3.2409 0.72005 2.3801
4.1891 3.2459 0.72485 2.3787
4.1891 3.2509 0.72955 2.377
4.1891 3.2559 0.73415 2.3751
4.1891 3.2609 0.73864 2.3728
4.1891 3.2659 0.74298 2.3704
4.1891 3.2709 0.74718 2.3676
4.1891 3.2759 0.75121 2.3647
4.1891 3.2809 0.75506 2.3615
4.1891 3.2859 0.75872 2.3581
4.1891 3.2909 0.76218 2.3545
4.1891 3.2959 0.76585 2.3511
4.1891 3.3009 0.7697 2.3479
4.1891 3.3059 0.77373 2.3449
4.1891 3.3109 0.77793 2.3422
4.1891 3.3159 0.78227 2.3397
4.1891 3.3209 0.78675 2.3375
4.1891 3.3259 0.79135 2.3356
4.1891 3.3309 0.79606 2.3339
4.1891 3.3359 0.80086 2.3325
4.1891 3.3409 0.80573 2.3313
4.1891 3.3459 0.81065 2.3305
4.1891 3.3509 0.81562 2.3299
4.1891 3.3559 0.82061 2.3296
4.1891 3.3609 0.82561 2.3296
4.1891 3.3659 0.8306 2.3299
4.1891 3.3709 0.83557 2.3305
4.1891 3.3759 0.84049 2.3314
4.1891 3.3809 0.84536 2.3326
4.1891 3.3859 0.85015 2.334
4.1891 3.3909 0.85485 2.3357
4.1894 3.3959 0.85964 2.3371
4.19 3.4009 0.8645 2.3383
4.1908 3.4058 0.86943 2.3392
4.192 3.4107 0.87439 2.3397
4.1934 3.4155 0.87938 2.34
4.1951 3.4202 0.88438 2.3401
4.1971 3.4248 0.88938 2.3398
4.1993 3.4292 0.89434 2.3392
4.2018 3.4336 0.89927 2.3384
4.2045 3.4378 0.90414 2.3372
4.2072 3.4419 0.90907 2.3364
4.21 3.4461 0.91404 2.3358
4.2127 3.4503 0.91903 2.3355
4.2154 3.4545 0.92403 2.3355
4.2181 3.4587 0.92902 2.3358
4.2209 3.4629 0.93398 2.3364
4.2236 3.4671 0.93891 2.3373
4.2263 3.4713 0.94377 2.3384
4.2291 3.4755 0.94856 2.3399
4.2318 3.4797 0.95326 2.3416
4.2345 3.4838 0.95805 2.343
4.2372 3.488 0.96292 2.3442
4.24 3.4922 0.96784 2.345
4.2427 3.4964 0.97281 2.3456
4.2454 3.5006 0.9778 2.3459
4.2482 3.5048 0.9828 2.3459
4.2509 3.509 0.98779 2.3457
4.2536 3.5132 0.99276 2.3451
4.2563 3.5174 0.99768 2.3442
4.2591 3.5215 1.0026 2.3431
4.2616 3.5259 1.0075 2.3423
4.2638 3.5304 1.0124 2.3417
4.2658 3.535 1.0174 2.3414
4.2674 3.5397 1.0224 2.3414
4.2689 3.5445 1.0274 2.3417
4.27 3.5493 1.0324 2.3423
4.2709 3.5543 1.0373 2.3432
4.2715 3.5592 1.0422 2.3443
4.2717 3.5642 1.047 2.3458
4.2717 3.5692 1.0517 2.3475
4.272 3.5742 1.0564 2.3492
4.2726 3.5792 1.0611 2.3509
4.2735 3.5841 1.0658 2.3526
4.2746 3.589 1.0705 2.3543
4.276 3.5938 1.0752 2.356
4.2777 3.5985 1.0799 2.3577
4.2797 3.6031 1.0846 2.3594
4.2819 3.6075 1.0893 2.3611
4.2844 3.6119 1.094 2.3628
4.2871 3.6161 1.0987 2.3645
4.2896 3.6204 1.1035 2.366
4.2919 3.6249 1.1083 2.3671
4.2938 3.6295 1.1132 2.368
4.2955 3.6342 1.1182 2.3686
4.2969 3.639 1.1232 2.3689
4.2981 3.6438 1.1282 2.3689
4.2989 3.6488 1.1332 2.3686
4.2995 3.6537 1.1382 2.3681
4.2998 3.6587 1.1431 2.3672
4.2998 3.6637 1.148 2.3661
4.2998 3.6687 1.1529 2.3652
4.2998 3.6737 1.1579 2.3646
4.2998 3.6787 1.1628 2.3644
4.2998 3.6837 1.1678 2.3644
4.2998 3.6887 1.1728 2.3647
4.2998 3.6937 1.1778 2.3653
4.2998 3.6987 1.1827 2.3661
4.2998 3.7037 1.1876 2.3673
4.2998 3.7087 1.1924 2.3687
4.2998 3.7137 1.1971 2.3704
4.2995 3.7187 1.2017 2.3724
4.2989 3.7237 1.2061 2.3746
4.2981 3.7286 1.2105 2.3771
4.2969 3.7335 1.2147 2.3799
4.2955 3.7383 1.2187 2.3828
4.2938 3.743 1.2225 2.386
4.2919 3.7476 1.2262 2.3895
4.2896 3.752 1.2296 2.3931
4.2871 3.7564 1.2329 2.3969
4.2844 3.7606 1.2359 2.4009
4.2819 3.7649 1.2391 2.4047
4.2797 3.7694 1.2425 2.4083
4.2777 3.774 1.2462 2.4118
4.276 3.7787 1.25 2.415
4.2746 3.7835 1.254 2.4179
4.2735 3.7883 1.2582 2.4207
4.2726 3.7933 1.2626 2.4232
4.272 3.7982 1.267 2.4254
4.2717 3.8032 1.2716 2.4274
4.2717 3.8082 1.2763 2.4291
4.272 3.8132 1.2811 2.4305
4.2726 3.8182 1.286 2.4317
4.2735 3.8231 1.2909 2.4325
4.2746 3.828 1.2959 2.4331
4.276 3.8328 1.3009 2.4334
4.2777 3.8375 1.3059 2.4334
4.2797 3.8421 1.3109 2.4332
4.2819 3.8465 1.3158 2.4326
4.2844 3.8509 1.3208 2.4317
4.2871 3.8551 1.3256 2.4306
4.2896 3.8594 1.3304 2.4292
4.2919 3.8639 1.3351 2.4275
4.2938 3.8685 1.3397 2.4255
4.2955 3.8732 1.3442 2.4233
4.2969 3.878 1.3486 2.4209
4.2981 3.8829 1.3527 2.4181
4.2989 3.8878 1.3568 2.4152
4.2995 3.8927 1.3606 2.412
4.2998 3.8977 1.3643 2.4086
4.2998 3.9027 1.3678 2.405
4.2995 3.9077 1.3714 2.4016
4.2989 3.9127 1.3753 2.3984
4.2981 3.9176 1.3793 2.3954
4.2969 3.9225 1.3835 2.3927
4.2955 3.9273 1.3878 2.3902
4.2938 3.932 1.3923 2.388
4.2919 3.9366 1.3969 2.3861
4.2896 3.9411 1.4016 2.3844
4.2871 3.9454 1.4064 2.383
4.2844 3.9496 1.4113 2.3818
4.2819 3.9539 1.4162 2.3807
4.2797 3.9584 1.421 2.3796
4.2777 3.963 1.4259 2.3784
4.276 3.9677 1.4308 2.3773
4.2746 3.9725 1.4356 2.3761
4.2735 3.9774 1.4405 2.375
4.2726 3.9823 1.4454 2.3739
4.272 3.9873 1.4503 2.3727
4.2717 3.9922 1.4551 2.3716
4.2717 3.9972 1.46 2.3705
4.2715 4.0022 1.4649 2.3696
4.2709 4.0072 1.4699 2.3691
4.27 4.0121 1.4749 2.3688
4.2689 4.017 1.4799 2.3688
4.2674 4.0218 1.4849 2.3691
4.2658 4.0265 1.4898 2.3697
4.2638 4.0311 1.4948 2.3705
4.2616 4.0356 1.4996 2.3717
4.2591 4.0399 1.5044 2.3731
4.2563 4.0441 1.5091 2.3748
4.2539 4.0484 1.5139 2.3763
4.2516 4.0529 1.5188 2.3774
4.2497 4.0575 1.5237 2.3783
4.248 4.0622 1.5287 2.3789
4.2465 4.067 1.5337 2.3792
4.2454 4.0719 1.5387 2.3792
4.2445 4.0768 1.5436 2.3789
4.244 4.0818 1.5486 2.3783
4.2437 4.0868 1.5535 2.3775
4.2437 4.0918 1.5584 2.3764
4.2434 4.0968 1.5633 2.3755
4.2428 4.1017 1.5683 2.3749
4.2419 4.1066 1.5733 2.3747
4.2408 4.1115 1.5783 2.3747
4.2394 4.1163 1.5833 2.375
4.2377 4.121 1.5883 2.3756
4.2357 4.1256 1.5932 2.3764
4.2335 4.1301 1.598 2.3776
4.231 4.1344 1.6028 2.379
4.2283 4.1386 1.6075 2.3807
4.2255 4.1428 1.6121 2.3827
4.2228 4.147 1.6166 2.3849
4.2201 4.1512 1.6209 2.3874
4.2174 4.1554 1.6251 2.3902
4.2146 4.1596 1.6291 2.3931
4.2119 4.1637 1.633 2.3963
4.2092 4.1679 1.6366 2.3998
4.2064 4.1721 1.6401 2.4034
4.2037 4.1763 1.6433 2.4072
4.201 4.1805 1.6463 2.4112
4.198 4.1845 1.6495 2.415
4.1948 4.1884 1.653 2.4186
4.1914 4.192 1.6566 2.422
4.1878 4.1955 1.6605 2.4253
4.184 4.1987 1.6645 2.4282
4.18 4.2017 1.6687 2.431
4.1758 4.2045 1.673 2.4335
4.1715 4.2071 1.6775 2.4357
4.1671 4.2093 1.6821 2.4377
4.1625 4.2114 1.6868 2.4394
4.1581 4.2136 1.6914 2.4413
4.1538 4.2162 1.6958 2.4436
4.1496 4.219 1.7002 2.4461
4.1456 4.222 1.7044 2.4488
4.1418 4.2252 1.7084 2.4518
4.1382 4.2287 1.7122 2.455
4.1348 4.2323 1.7159 2.4584
4.1316 4.2362 1.7193 2.462
4.1286 4.2402 1.7226 2.4658
4.1259 4.2444 1.7256 2.4698
4.1232 4.2486 1.7288 2.4737
4.1204 4.2528 1.7322 2.4773
4.1177 4.2569 1.7359 2.4807
4.115 4.2611 1.7397 2.4839
4.1122 4.2653 1.7437 2.4869
4.1095 4.2695 1.7479 2.4896
4.1068 4.2737 1.7523 2.4921
4.1041 4.2779 1.7567 2.4943
4.1013 4.2821 1.7613 2.4963
4.0986 4.2863 1.766 2.498
4.0956 4.2903 1.7706 2.5
4.0924 4.2941 1.7751 2.5022
4.089 4.2978 1.7794 2.5047
4.0854 4.3013 1.7836 2.5075
4.0816 4.3045 1.7876 2.5104
4.0776 4.3075 1.7915 2.5136
4.0735 4.3103 1.7951 2.5171
4.0691 4.3128 1.7986 2.5207
4.0647 4.3151 1.8018 2.5245
4.0601 4.3171 1.8048 2.5285
4.0557 4.3194 1.808 2.5323
4.0514 4.3219 1.8115 2.5359
4.0472 4.3247 1.8151 2.5393
4.0432 4.3277 1.819 2.5425
4.0394 4.331 1.823 2.5455
4.0358 4.3344 1.8272 2.5483
4.0324 4.3381 1.8315 2.5508
4.0292 4.3419 1.836 2.553
4.0262 4.346 1.8406 2.555
4.0235 4.3501 1.8453 2.5567
4.0208 4.3543 1.8499 2.5586
4.018 4.3585 1.8543 2.5609
4.0153 4.3627 1.8587 2.5634
4.0126 4.3669 1.8629 2.5661
4.0098 4.3711 1.8669 2.5691
4.0071 4.3753 1.8707 2.5723
4.0044 4.3795 1.8744 2.5757
4.0017 4.3837 1.8778 2.5793
3.9989 4.3879 1.881 2.5831
3.9962 4.392 1.8841 2.5871
3.9932 4.3961 1.8868 2.5913
3.99 4.3999 1.8894 2.5956
3.9866 4.4036 1.8916 2.6001
3.983 4.407 1.8936 2.6046
3.9792 4.4103 1.8954 2.6093
3.9752 4.4133 1.8968 2.6141
3.9711 4.4161 1.898 2.619
3.9668 4.4186 1.899 2.6239
3.9623 4.4209 1.8996 2.6288
3.9577 4.4229 1.8999 2.6338
3.9533 4.4252 1.9005 2.6388
3.949 4.4277 1.9015 2.6437
3.9448 4.4305 1.9026 2.6486
3.9408 4.4335 1.9041 2.6533
3.937 4.4367 1.9059 2.658
3.9334 4.4402 1.9079 2.6626
3.93 4.4438 1.9101 2.6671
3.9268 4.4477 1.9127 2.6714
3.9238 4.4517 1.9154 2.6755
3.9211 4.4559 1.9184 2.6795
3.9181 4.4599 1.9212 2.6837
3.9149 4.4638 1.9237 2.688
3.9115 4.4674 1.926 2.6925
3.9079 4.4709 1.928 2.697
3.9041 4.4741 1.9298 2.7017
3.9001 4.4771 1.9312 2.7065
3.896 4.4799 1.9324 2.7114
3.8917 4.4825 1.9333 2.7163
3.8872 4.4847 1.934 2.7212
3.8826 4.4868 1.9343 2.7262
3.8782 4.489 1.9346 2.7312
3.8739 4.4916 1.935 2.7362
3.8697 4.4944 1.9353 2.7412
3.8657 4.4974 1.9357 2.7462
3.8619 4.5006 1.936 2.7512
3.8583 4.5041 1.9363 2.7562
3.8549 4.5077 1.9367 2.7611
3.8517 4.5116 1.937 2.7661
3.8487 4.5156 1.9374 2.7711
3.846 4.5198 1.9377 2.7761
3.843 4.5238 1.9383 2.7811
3.8398 4.5277 1.9392 2.786
3.8364 4.5313 1.9404 2.7908
3.8328 4.5348 1.9419 2.7956
3.829 4.538 1.9436 2.8003
3.825 4.541 1.9456 2.8049
3.8209 4.5438 1.9479 2.8093
3.8166 4.5463 1.9504 2.8137
3.8121 4.5486 1.9532 2.8178
3.8075 4.5506 1.9562 2.8218
3.8031 4.5529 1.9595 2.8256
3.7988 4.5555 1.9629 2.8293
3.7946 4.5582 1.9665 2.8327
3.7906 4.5612 1.9704 2.8359
3.7868 4.5645 1.9744 2.8388
3.7832 4.5679 1.9786 2.8416
3.7798 4.5716 1.9829 2.8441
3.7766 4.5754 1.9874 2.8463
3.7736 4.5795 1.992 2.8483
3.7709 4.5837 1.9967 2.85
3.7684 4.588 2.0014 2.8517
3.7662 4.5925 2.0061 2.8534
3.7642 4.5971 2.0108 2.8551
3.7625 4.6018 2.0155 2.8568
3.7611 4.6066 2.0202 2.8585
3.76 4.6114 2.0249 2.8602
3.7591 4.6164 2.0296 2.8619
3.7585 4.6213 2.0343 2.8637
3.7582 4.6263 2.039 2.8654
3.7582 4.6313 2.0437 2.8671
3.7579 4.6363 2.0485 2.8685
3.7574 4.6413 2.0533 2.8697
3.7565 4.6462 2.0583 2.8705
3.7554 4.6511 2.0632 2.8711
3.7539 4.6559 2.0682 2.8714
3.7522 4.6606 2.0732 2.8714
3.7503 4.6652 2.0782 2.8711
3.748 4.6696 2.0832 2.8706
3.7456 4.674 2.0881 2.8697
3.7428 4.6782 2.093 2.8686
3.7401 4.6824 2.0979 2.8677
3.7374 4.6865 2.1029 2.8672
3.7346 4.6907 2.1079 2.8669
3.7319 4.6949 2.1129 2.8669
3.7292 4.6991 2.1179 2.8672
3.7265 4.7033 2.1228 2.8678
3.7237 4.7075 2.1277 2.8687
3.721 4.7117 2.1326 2.8698
3.7183 4.7159 2.1374 2.8712
3.7155 4.7201 2.1421 2.873
3.7126 4.7241 2.1467 2.8749
3.7094 4.7279 2.1512 2.8772
3.706 4.7316 2.1555 2.8797
3.7024 4.735 2.1597 2.8824
3.6985 4.7383 2.1637 2.8854
3.6946 4.7413 2.1675 2.8886
3.6904 4.7441 2.1712 2.892
3.6861 4.7466 2.1746 2.8956
3.6816 4.7489 2.1779 2.8994
3.6771 4.7509 2.1809 2.9034
3.6726 4.7532 2.1836 2.9076
3.6683 4.7557 2.1862 2.9119
3.6642 4.7585 2.1884 2.9164
3.6602 4.7615 2.1905 2.9209
3.6564 4.7648 2.1922 2.9256
3.6527 4.7682 2.1937 2.9304
3.6493 4.7719 2.1949 2.9353
3.6461 4.7757 2.1958 2.9402
3.6432 4.7797 2.1964 2.9451
3.6404 4.7839 2.1967 2.9501
3.6377 4.7881 2.1968 2.9551
3.635 4.7923 2.1966 2.9601
3.6323 4.7965 2.196 2.9651
3.6295 4.8007 2.1952 2.97
3.6268 4.8049 2.1941 2.9749
3.6241 4.8091 2.1927 2.9797
3.6213 4.8133 2.1911 2.9844
3.6186 4.8175 2.1892 2.989
3.6159 4.8216 2.187 2.9935
3.6132 4.8258 2.1845 2.9979
3.6104 4.83 2.1824 3.0024
3.6077 4.8342 2.1804 3.007
3.605 4.8384 2.1788 3.0117
3.6022 4.8426 2.1774 3.0165
3.5995 4.8468 2.1763 3.0214
3.5968 4.851 2.1755 3.0264
3.594 4.8552 2.175 3.0313
3.5913 4.8593 2.1747 3.0363
3.5886 4.8635 2.1748 3.0413
3.5859 4.8677 2.1751 3.0463
3.5829 4.8718 2.1758 3.0513
3.5797 4.8756 2.1767 3.0562
3.5763 4.8793 2.1779 3.061
3.5727 4.8827 2.1793 3.0658
3.5689 4.8859 2.1811 3.0705
3.5649 4.889 2.1831 3.0751
3.5607 4.8917 2.1854 3.0795
3.5564 4.8943 2.1879 3.0839
3.552 4.8966 2.1907 3.088
3.5474 4.8986 2.1937 3.092
3.5428 4.9006 2.1964 3.0962
3.5382 4.9026 2.199 3.1005
3.5337 4.9046 2.2012 3.1049
3.5291 4.9067 2.2032 3.1095
3.5245 4.9087 2.205 3.1142
3.5199 4.9107 2.2065 3.119
3.5154 4.9127 2.2076 3.1238
3.5108 4.9147 2.2086 3.1288
3.5062 4.9168 2.2092 3.1337
3.5017 4.9188 2.2095 3.1387
3.4971 4.9208 2.2101 3.1437
3.4925 4.9228 2.2111 3.1486
3.4879 4.9248 2.2122 3.1534
3.4834 4.9269 2.2137 3.1582
3.4788 4.9289 2.2155 3.1629
3.4742 4.9309 2.2175 3.1675
3.4696 4.9329 2.2197 3.1719
3.4651 4.935 2.2223 3.1762
3.4605 4.937 2.225 3.1804
3.4559 4.939 2.2281 3.1844
3.4515 4.9413 2.2313 3.1882
3.4472 4.9438 2.2347 3.1918
3.443 4.9466 2.2384 3.1953
3.439 4.9496 2.2422 3.1985
3.4352 4.9528 2.2462 3.2014
3.4316 4.9563 2.2504 3.2042
3.4282 4.96 2.2548 3.2067
3.425 4.9638 2.2592 3.2089
3.422 4.9678 2.2638 3.2109
3.4193 4.972 2.2685 3.2126
3.4163 4.976 2.2733 3.214
3.4131 4.9799 2.2782 3.2152
3.4097 4.9835 2.2831 3.216
3.4061 4.987 2.2881 3.2166
3.4023 4.9902 2.2931 3.2169
3.3983 4.9933 2.2981 3.2169
3.3942 4.996 2.303 3.2167
3.3898 4.9986 2.308 3.2161
3.3854 5.0008 2.3129 3.2152
3.3808 5.0029 2.3178 3.2141
3.3764 5.0051 2.3227 3.213
3.3721 5.0077 2.3276 3.2118
3.3679 5.0105 2.3324 3.2107
3.3639 5.0135 2.3373 3.2096
3.3601 5.0167 2.3422 3.2084
3.3565 5.0202 2.347 3.2073
3.3531 5.0238 2.3519 3.2062
3.3499 5.0277 2.3568 3.205
3.3469 5.0317 2.3616 3.2039
3.3442 5.0359 2.3665 3.2028
3.3417 5.0402 2.3714 3.2019
3.3395 5.0447 2.3764 3.2013
3.3375 5.0493 2.3814 3.2011
3.3358 5.054 2.3864 3.2011
3.3344 5.0588 2.3914 3.2014
3.3332 5.0637 2.3964 3.202
3.3324 5.0686 2.4013 3.2028
3.3318 5.0736 2.4061 3.204
3.3315 5.0785 2.4109 3.2054
3.3315 5.0835 2.4156 3.2071
3.3312 5.0885 2.4202 3.2091
3.3307 5.0935 2.4247 3.2113
3.3298 5.0984 2.429 3.2138
3.3287 5.1033 2.4332 3.2166
3.3272 5.1081 2.4372 3.2195
3.3255 5.1128 2.4411 3.2227
3.3236 5.1174 2.4447 3.2262
3.3213 5.1219 2.4482 3.2298
3.3189 5.1262 2.4514 3.2336
3.3161 5.1304 2.4544 3.2376
3.3132 5.1344 2.4572 3.2418
3.31 5.1383 2.4597 3.2461
3.3066 5.1419 2.462 3.2505
3.3029 5.1454 2.464 3.2551
3.2991 5.1486 2.4657 3.2598
3.2951 5.1516 2.4672 3.2646
3.291 5.1544 2.4684 3.2694
3.2867 5.1569 2.4693 3.2743
3.2822 5.1592 2.4699 3.2793
3.2777 5.1613 2.4703 3.2843
3.2732 5.1635 2.4703 3.2893
3.2689 5.1661 2.4701 3.2943
3.2647 5.1688 2.4696 3.2993
3.2607 5.1719 2.4687 3.3042
3.2569 5.1751 2.4676 3.3091
3.2533 5.1786 2.4663 3.3139
3.2499 5.1822 2.4646 3.3186
3.2467 5.1861 2.4627 3.3232
3.2438 5.1901 2.4605 3.3277
3.241 5.1943 2.4581 3.3321
3.2381 5.1983 2.4559 3.3366
3.2349 5.2021 2.454 3.3412
3.2315 5.2058 2.4523 3.3459
3.2278 5.2093 2.4509 3.3507
3.224 5.2125 2.4499 3.3556
3.22 5.2155 2.449 3.3605
3.2159 5.2183 2.4485 3.3655
3.2116 5.2208 2.4483 3.3705
3.2071 5.2231 2.4483 3.3755
3.2025 5.2251 2.4487 3.3805
3.1981 5.2274 2.4487 3.3855
3.1938 5.2299 2.4485 3.3905
3.1896 5.2327 2.4479 3.3954
3.1856 5.2357 2.4471 3.4004
3.1818 5.239 2.446 3.4053
3.1782 5.2424 2.4447 3.4101
3.1748 5.2461 2.443 3.4148
3.1716 5.2499 2.4411 3.4194
3.1686 5.254 2.4389 3.4239
3.1659 5.2581 2.4365 3.4283
3.163 5.2622 2.4343 3.4328
3.1598 5.266 2.4324 3.4374
3.1564 5.2697 2.4307 3.4421
3.1527 5.2731 2.4293 3.4469
3.1489 5.2764 2.4282 3.4518
3.1449 5.2794 2.4274 3.4567
3.1408 5.2822 2.4269 3.4617
3.1365 5.2847 2.4267 3.4667
3.132 5.287 2.4267 3.4717
3.1274 5.289 2.427 3.4767
3.123 5.2913 2.4271 3.4817
3.1187 5.2938 2.4269 3.4867
3.1145 5.2966 2.4263 3.4916
3.1105 5.2996 2.4255 3.4966
3.1067 5.3028 2.4244 3.5015
3.1031 5.3063 2.423 3.5063
3.0997 5.31 2.4214 3.511
3.0965 5.3138 2.4195 3.5156
3.0935 5.3178 2.4173 3.5201
3.0908 5.322 2.4149 3.5245
3.0883 5.3264 2.4127 3.529
3.0861 5.3308 2.4107 3.5336
3.0841 5.3354 2.4091 3.5383
3.0824 5.3401 2.4077 3.5431
3.081 5.3449 2.4066 3.548
3.0799 5.3498 2.4058 3.5529
3.079 5.3547 2.4053 3.5579
3.0784 5.3597 2.405 3.5629
3.0781 5.3647 2.4051 3.5679
3.0781 5.3697 2.4054 3.5729
3.0779 5.3747 2.4055 3.5779
3.0773 5.3796 2.4052 3.5829
3.0764 5.3846 2.4047 3.5878
3.0753 5.3894 2.4039 3.5928
3.0739 5.3942 2.4028 3.5976
3.0722 5.3989 2.4014 3.6024
3.0702 5.4035 2.3998 3.6072
3.068 5.408 2.3979 3.6118
3.0655 5.4123 2.3957 3.6163
3.0628 5.4165 2.3932 3.6206
3.0603 5.4209 2.3911 3.6251
3.058 5.4253 2.3891 3.6298
3.0561 5.4299 2.3875 3.6345
3.0544 5.4346 2.3861 3.6393
3.053 5.4394 2.385 3.6442
3.0518 5.4443 2.3842 3.6491
3.0509 5.4492 2.3837 3.6541
3.0504 5.4542 2.3834 3.6591
3.0501 5.4592 2.3835 3.6641
3.0501 5.4642 2.3838 3.6691
3.0498 5.4692 2.3839 3.6741
3.0492 5.4741 2.3836 3.679
3.0484 5.4791 2.3831 3.684
3.0472 5.4839 2.3823 3.689
3.0458 5.4887 2.3812 3.6938
3.0441 5.4934 2.3798 3.6986
3.0421 5.498 2.3782 3.7034
3.0399 5.5025 2.3763 3.708
3.0374 5.5068 2.3741 3.7125
3.0347 5.511 2.3716 3.7168
3.0322 5.5154 2.3692 3.7212
3.03 5.5199 2.3667 3.7256
3.028 5.5244 2.3643 3.7299
3.0263 5.5292 2.3619 3.7343
3.0249 5.5339 2.3594 3.7387
3.0237 5.5388 2.357 3.743
3.0229 5.5437 2.3546 3.7474
3.0223 5.5487 2.3521 3.7518
3.022 5.5537 2.3497 3.7561
3.022 5.5587 2.3472 3.7605
3.0217 5.5637 2.345 3.765
3.0212 5.5687 2.3431 3.7696
3.0203 5.5736 2.3415 3.7743
3.0191 5.5784 2.3401 3.7791
3.0177 5.5832 2.339 3.784
3.016 5.5879 2.3382 3.7889
3.0141 5.5925 2.3377 3.7939
3.0118 5.597 2.3374 3.7989
3.0093 5.6014 2.3375 3.8039
3.0066 5.6055 2.3378 3.8089
3.0037 5.6096 2.3384 3.8139
3.0005 5.6134 2.3394 3.8188
2.997 5.6171 2.3405 3.8236
2.9934 5.6205 2.342 3.8284
2.9896 5.6238 2.3438 3.8331
2.9856 5.6268 2.3458 3.8377
2.9815 5.6296 2.348 3.8421
2.9772 5.6321 2.3506 3.8464
2.9727 5.6344 2.3533 3.8506
2.9681 5.6364 2.3563 3.8546
2.9637 5.6387 2.3591 3.8588
2.9594 5.6412 2.3616 3.8631
2.9552 5.644 2.3639 3.8675
2.9512 5.647 2.3659 3.8721
2.9474 5.6502 2.3677 3.8768
2.9438 5.6537 2.3691 3.8816
2.9404 5.6574 2.3703 3.8864
2.9372 5.6612 2.3712 3.8913
2.9342 5.6652 2.3719 3.8963
2.9315 5.6694 2.3722 3.9013
2.9286 5.6734 2.3725 3.9063
2.9254 5.6773 2.3729 3.9113
2.9219 5.6809 2.3732 3.9163
2.9183 5.6844 2.3736 3.9212
2.9145 5.6876 2.3739 3.9262
2.9105 5.6907 2.3742 3.9312
2.9064 5.6934 2.3746 3.9362
2.9021 5.696 2.3749 3.9412
2.8976 5.6982 2.3753 3.9462
2.893 5.7003 2.3756 3.9512
2.8885 5.7023 2.3756 3.9562
2.8839 5.7043 2.3754 3.9612
2.8793 5.7063 2.3749 3.9661
2.8748 5.7084 2.3741 3.9711
2.8702 5.7104 2.373 3.976
2.8656 5.7124 2.3716 3.9808
2.861 5.7144 2.3699 3.9855
2.8565 5.7164 2.368 3.9901
2.8519 5.7185 2.3658 3.9946
2.8473 5.7205 2.3634 3.999
2.8426 5.7222 2.361 4.0033
2.8379 5.7237 2.3585 4.0077
2.833 5.7249 2.3561 4.0121
2.8281 5.7258 2.3536 4.0164
2.8231 5.7265 2.3512 4.0208
2.8181 5.7268 2.3488 4.0251
2.8131 5.7269 2.3463 4.0295
2.8081 5.7267 2.3439 4.0339
2.8032 5.7261 2.3414 4.0382
2.7982 5.7253 2.339 4.0426
2.7934 5.7242 2.3363 4.0468
2.7885 5.7229 2.3334 4.0509
2.7838 5.7212 2.3302 4.0548
2.7792 5.7193 2.3269 4.0584
2.7747 5.7172 2.3233 4.0619
2.7703 5.7147 2.3195 4.0652
2.7661 5.712 2.3155 4.0683
2.762 5.7091 2.3114 4.0711
2.7582 5.706 2.3071 4.0737
2.7545 5.7026 2.3027 4.076
2.7506 5.6995 2.2984 4.0786
2.7465 5.6965 2.2943 4.0814
2.7423 5.6939 2.2903 4.0844
2.7379 5.6914 2.2866 4.0877
2.7334 5.6893 2.283 4.0912
2.7288 5.6874 2.2796 4.0949
2.7241 5.6857 2.2764 4.0988
2.7193 5.6843 2.2735 4.1028
2.7144 5.6833 2.2708 4.107
2.7095 5.6825 2.2684 4.1114
2.7045 5.6819 2.2659 4.1158
2.6995 5.6817 2.2635 4.1201
2.6945 5.6818 2.2611 4.1245
2.6895 5.6821 2.2586 4.1289
2.6845 5.6828 2.2562 4.1332
2.6796 5.6837 2.2538 4.1376
2.6748 5.6849 2.2513 4.142
2.67 5.6864 2.2489 4.1463
2.6653 5.6881 2.2464 4.1507
2.6607 5.6901 2.244 4.1551
2.6563 5.6924 2.2416 4.1594
2.652 5.6949 2.2391 4.1638
2.6478 5.6977 2.2367 4.1681
2.6438 5.7007 2.2342 4.1725
2.64 5.704 2.2318 4.1769
2.6364 5.7074 2.2294 4.1812
2.633 5.7111 2.2269 4.1856
2.6298 5.7149 2.2245 4.19
2.6268 5.719 2.222 4.1943
2.6241 5.7232 2.2196 4.1987
2.6211 5.7272 2.2169 4.2029
2.618 5.731 2.214 4.207
2.6145 5.7347 2.2108 4.2108
2.6109 5.7381 2.2075 4.2145
2.6071 5.7414 2.2039 4.218
2.6031 5.7444 2.2001 4.2213
2.599 5.7472 2.1961 4.2244
2.5947 5.7497 2.192 4.2272
2.5902 5.752 2.1877 4.2298
2.5856 5.754 2.1833 4.2321
2.581 5.7558 2.1789 4.2344
2.5762 5.7572 2.1744 4.2367
2.5713 5.7584 2.17 4.2391
2.5664 5.7594 2.1656 4.2414
2.5615 5.76 2.1612 4.2437
2.5565 5.7603 2.1567 4.246
2.5515 5.7604 2.1523 4.2484
2.5465 5.7602 2.1479 4.2507
2.5415 5.7597 2.1435 4.253
2.5366 5.7589 2.139 4.2553
2.5316 5.7581 2.1348 4.2579
2.5267 5.7572 2.1306 4.2607
2.5218 5.7564 2.1267 4.2638
2.5168 5.7556 2.1229 4.2671
2.5119 5.7548 2.1193 4.2706
2.507 5.754 2.1159 4.2742
2.502 5.7532 2.1128 4.2781
2.4971 5.7524 2.1099 4.2822
2.4921 5.7516 2.1072 4.2864
2.4872 5.7508 2.1047 4.2908
2.4822 5.7503 2.102 4.295
2.4772 5.7501 2.0991 4.299
2.4722 5.7501 2.096 4.3029
2.4673 5.7505 2.0926 4.3066
2.4623 5.7511 2.089 4.3101
2.4574 5.752 2.0852 4.3134
2.4525 5.7532 2.0813 4.3164
2.4478 5.7547 2.0771 4.3192
2.4431 5.7565 2.0729 4.3218
2.4385 5.7585 2.0684 4.3241
2.4341 5.7608 2.064 4.3265
2.4297 5.7633 2.0596 4.3288
2.4256 5.7661 2.0551 4.3311
2.4216 5.7691 2.0507 4.3334
2.4178 5.7724 2.0463 4.3358
2.4142 5.7758 2.0419 4.3381
2.4108 5.7795 2.0374 4.3404
2.4076 5.7833 2.033 4.3427
2.4046 5.7873 2.0286 4.3451
2.4019 5.7915 2.0242 4.3474
2.3989 5.7955 2.0196 4.3495
2.3957 5.7994 2.0149 4.3513
2.3923 5.8031 2.0102 4.3528
2.3887 5.8065 2.0053 4.354
2.3849 5.8097 2.0004 4.355
2.3809 5.8128 1.9955 4.3557
2.3767 5.8155 1.9905 4.3561
2.3724 5.8181 1.9855 4.3562
2.368 5.8204 1.9805 4.356
2.3634 5.8224 1.9755 4.3556
2.3587 5.8241 1.9706 4.3551
2.3539 5.8256 1.9656 4.3546
2.3491 5.8268 1.9606 4.3542
2.3442 5.8277 1.9556 4.3537
2.3392 5.8284 1.9506 4.3532
2.3342 5.8287 1.9457 4.3527
2.3292 5.8288 1.9407 4.3523
2.3242 5.8285 1.9357 4.3518
2.3193 5.828 1.9307 4.3513
2.3143 5.8272 1.9257 4.3509
2.3094 5.8261 1.9208 4.3507
2.3046 5.8248 1.9158 4.3508
2.2999 5.8231 1.9108 4.3512
2.2953 5.8212 1.9058 4.3519
2.2908 5.819 1.9009 4.3529
2.2864 5.8166 1.8961 4.3541
2.2822 5.8139 1.8913 4.3556
2.2781 5.811 1.8866 4.3574
2.2742 5.8079 1.8821 4.3595
2.2706 5.8045 1.8777 4.3618
2.2667 5.8014 1.8734 4.3644
2.2626 5.7984 1.8693 4.3672
2.2584 5.7958 1.8653 4.3703
2.254 5.7933 1.8615 4.3736
2.2495 5.7912 1.8579 4.3771
2.2449 5.7892 1.8546 4.3807
2.2402 5.7876 1.8514 4.3846
2.2354 5.7862 1.8485 4.3887
2.2305 5.7852 1.8458 4.3929
2.2255 5.7844 1.8434 4.3973
2.2206 5.7835 1.8407 4.4015
2.2157 5.7827 1.8377 4.4055
2.2107 5.7819 1.8346 4.4094
2.2058 5.7811 1.8312 4.4131
2.2009 5.7803 1.8276 4.4166
2.1959 5.7795 1.8239 4.4199
2.191 5.7787 1.8199 4.4229
2.1861 5.7779 1.8158 4.4257
2.1811 5.7771 1.8115 4.4283
2.1762 5.7763 1.8071 4.4306
2.1712 5.7758 1.8028 4.4332
2.1662 5.7756 1.7986 4.436
2.1612 5.7756 1.7947 4.4391
2.1562 5.776 1.7909 4.4424
2.1513 5.7766 1.7873 4.4459
2.1464 5.7775 1.7839 4.4495
2.1415 5.7787 1.7808 4.4534
2.1367 5.7802 1.7779 4.4575
2.1321 5.782 1.7752 4.4617
2.1275 5.784 1.7727 4.4661
2.123 5.7863 1.7703 4.4704
2.1187 5.7888 1.7679 4.4748
2.1146 5.7916 1.7654 4.4792
2.1106 5.7946 1.763 4.4835
2.1068 5.7978 1.7605 4.4879
2.1031 5.8013 1.7581 4.4922
2.0997 5.805 1.7557 4.4966
2.0965 5.8088 1.7532 4.501
2.0936 5.8128 1.7508 4.5053
2.0909 5.817 1.7483 4.5097
2.0879 5.821 1.7459 4.5141
2.0847 5.8249 1.7435 4.5184
2.0813 5.8285 1.741 4.5228
2.0777 5.832 1.7386 4.5272
2.0739 5.8352 1.7361 4.5315
2.0699 5.8383 1.7337 4.5359
2.0657 5.841 1.7313 4.5403
2.0614 5.8436 1.7288 4.5446
2.057 5.8458 1.7264 4.549
2.0524 5.8479 1.724 4.5533
2.0479 5.8502 1.7218 4.5578
2.0436 5.8527 1.7198 4.5625
2.0395 5.8555 1.7182 4.5672
2.0355 5.8585 1.7168 4.572
2.0317 5.8617 1.7157 4.5769
2.028 5.8652 1.7149 4.5818
2.0246 5.8688 1.7144 4.5868
2.0214 5.8727 1.7141 4.5918
2.0185 5.8767 1.7142 4.5968
2.0157 5.8809 1.7145 4.6018
2.0133 5.8852 1.7146 4.6068
2.011 5.8897 1.7143 4.6118
2.0091 5.8943 1.7138 4.6167
2.0074 5.899 1.713 4.6217
2.006 5.9038 1.7119 4.6265
2.0048 5.9087 1.7105 4.6313
2.0039 5.9136 1.7089 4.6361
2.0034 5.9186 1.707 4.6407
2.0031 5.9236 1.7048 4.6452
2.0031 5.9286 1.7023 4.6495
2.0028 5.9335 1.6999 4.6539
2.0022 5.9385 1.6975 4.6583
2.0014 5.9434 1.695 4.6626
2.0002 5.9483 1.6926 4.667
1.9988 5.9531 1.6901 4.6714
1.9971 5.9578 1.6877 4.6757
1.9951 5.9624 1.6853 4.6801
1.9929 5.9669 1.6828 4.6845
1.9904 5.9712 1.6804 4.6888
1.9877 5.9754 1.6779 4.6932
1.9847 5.9794 1.6758 4.6977
1.9815 5.9833 1.6738 4.7023
1.9781 5.9869 1.6722 4.707
1.9745 5.9904 1.6708 4.7118
1.9707 5.9936 1.6697 4.7167
1.9667 5.9966 1.6689 4.7216
1.9625 5.9994 1.6684 4.7266
1.9582 6.002 1.6681 4.7316
1.9538 6.0042 1.6682 4.7366
1.9492 6.0063 1.6685 4.7416
1.9446 6.0083 1.6686 4.7466
1.9401 6.0103 1.6683 4.7516
1.9355 6.0123 1.6678 4.7566
1.9309 6.0143 1.667 4.7615
1.9263 6.0164 1.6659 4.7664
1.9218 6.0184 1.6645 4.7712
1.9172 6.0204 1.6629 4.7759
1.9126 6.0224 1.661 4.7805
1.908 6.0244 1.6588 4.785
1.9035 6.0265 1.6563 4.7894
1.8988 6.0282 1.6536 4.7936
1.894 6.0297 1.6507 4.7976
1.8892 6.0309 1.6476 4.8015
1.8842 6.0318 1.6442 4.8052
1.8793 6.0325 1.6406 4.8087
1.8743 6.0328 1.6368 4.812
1.8693 6.0329 1.6329 4.815
1.8643 6.0326 1.6287 4.8179
1.8593 6.0321 1.6245 4.8204
1.8544 6.0313 1.62 4.8228
1.8494 6.0308 1.6156 4.8251
1.8444 6.0306 1.6112 4.8274
1.8394 6.0306 1.6068 4.8297
1.8344 6.031 1.6023 4.8321
1.8295 6.0316 1.5979 4.8344
1.8246 6.0325 1.5935 4.8367
1.8197 6.0337 1.589 4.839
1.8149 6.0352 1.5846 4.8414
1.8103 6.037 1.5802 4.8437
1.8057 6.039 1.5758 4.846
1.801 6.0407 1.5715 4.8486
1.7962 6.0422 1.5674 4.8514
1.7914 6.0434 1.5634 4.8545
1.7865 6.0443 1.5596 4.8577
1.7815 6.045 1.556 4.8612
1.7765 6.0453 1.5527 4.8649
1.7715 6.0454 1.5495 4.8688
1.7665 6.0452 1.5466 4.8729
1.7615 6.0446 1.5439 4.8771
1.7566 6.0438 1.5415 4.8814
1.7517 6.043 1.5388 4.8857
1.7467 6.0422 1.5358 4.8897
1.7418 6.0414 1.5327 4.8936
1.7369 6.0406 1.5293 4.8973
1.7319 6.0398 1.5257 4.9008
1.727 6.039 1.522 4.904
1.7221 6.0382 1.518 4.9071
1.7171 6.0374 1.5139 4.9099
1.7122 6.0366 1.5096 4.9125
1.7073 6.0358 1.5052 4.9148
1.7023 6.0353 1.5009 4.9174
1.6973 6.0351 1.4967 4.9202
1.6923 6.0351 1.4928 4.9233
1.6873 6.0355 1.489 4.9265
1.6823 6.0361 1.4854 4.93
1.6774 6.037 1.4821 4.9337
1.6726 6.0382 1.4789 4.9376
1.6678 6.0397 1.476 4.9417
1.6631 6.0415 1.4733 4.9459
1.6585 6.0435 1.4708 4.9502
1.6541 6.0458 1.4682 4.9545
1.6498 6.0483 1.4652 4.9585
1.6456 6.0511 1.4621 4.9624
1.6416 6.0541 1.4587 4.9661
1.6378 6.0573 1.4551 4.9696
1.6342 6.0608 1.4513 4.9728
1.6308 6.0645 1.4474 4.9759
1.6276 6.0683 1.4433 4.9787
1.6246 6.0723 1.439 4.9813
1.6219 6.0765 1.4345 4.9836
1.6194 6.0809 1.4303 4.9862
1.6172 6.0853 1.4261 4.989
1.6152 6.0899 1.4222 4.9921
1.6135 6.0946 1.4184 4.9954
1.6121 6.0994 1.4148 4.9988
1.611 6.1043 1.4114 5.0025
1.6101 6.1092 1.4083 5.0064
1.6095 6.1142 1.4054 5.0105
1.6092 6.1192 1.4027 5.0147
1.6092 6.1242 1.4002 5.019
1.609 6.1292 1.3981 5.0235
1.6084 6.1341 1.3961 5.0282
1.6075 6.1391 1.3945 5.0329
1.6064 6.1439 1.3931 5.0377
1.605 6.1487 1.392 5.0426
1.6033 6.1534 1.3912 5.0475
1.6013 6.158 1.3907 5.0525
1.5991 6.1625 1.3904 5.0575
1.5966 6.1668 1.3905 5.0625
1.5938 6.171 1.3908 5.0675
1.5909 6.175 1.3909 5.0725
1.5877 6.1789 1.3906 5.0774
1.5843 6.1826 1.3901 5.0824
1.5807 6.186 1.3893 5.0874
1.5769 6.1892 1.3882 5.0922
1.5729 6.1923 1.3868 5.097
1.5687 6.195 1.3852 5.1018
1.5644 6.1976 1.3832 5.1064
1.5599 6.1999 1.3811 5.1109
1.5554 6.2019 1.3786 5.1152
1.5508 6.2039 1.3764 5.1197
1.5462 6.2059 1.3745 5.1244
1.5417 6.2079 1.3729 5.1291
1.5371 6.21 1.3715 5.1339
1.5325 6.212 1.3704 5.1388
1.5279 6.214 1.3696 5.1437
1.5234 6.216 1.3691 5.1487
1.5188 6.218 1.3688 5.1537
1.5142 6.2201 1.3689 5.1587
1.5096 6.2221 1.3692 5.1636
1.505 6.2238 1.3693 5.1686
1.5002 6.2253 1.369 5.1736
1.4953 6.2265 1.3685 5.1786
1.4904 6.2274 1.3677 5.1835
1.4855 6.2281 1.3666 5.1884
1.4805 6.2284 1.3652 5.1932
1.4755 6.2285 1.3636 5.1979
1.4705 6.2283 1.3616 5.2026
1.4655 6.2277 1.3595 5.2071
1.4606 6.2269 1.357 5.2114
1.4557 6.2258 1.3548 5.2159
1.4509 6.2245 1.3529 5.2205
1.4462 6.2228 1.3513 5.2253
1.4415 6.2209 1.3499 5.2301
1.437 6.2188 1.3488 5.2349
1.4327 6.2163 1.348 5.2399
1.4284 6.2136 1.3474 5.2449
1.4244 6.2107 1.3472 5.2498
1.4205 6.2076 1.3473 5.2548
1.4168 6.2042 1.3476 5.2598
1.4131 6.2008 1.3476 5.2648
1.4094 6.1975 1.3474 5.2698
1.4057 6.1941 1.3469 5.2748
1.402 6.1908 1.3461 5.2797
1.3983 6.1874 1.345 5.2846
1.3946 6.184 1.3436 5.2894
1.3909 6.1807 1.3419 5.2941
1.3872 6.1773 1.34 5.2988
1.3835 6.1739 1.3378 5.3033
1.3798 6.1706 1.3354 5.3076
1.3763 6.167 1.3332 5.3121
1.373 6.1632 1.3313 5.3167
1.37 6.1593 1.3296 5.3215
1.3672 6.1551 1.3283 5.3263
1.3646 6.1509 1.3272 5.3311
1.3622 6.1464 1.3264 5.3361
1.3602 6.1419 1.3258 5.341
1.3583 6.1372 1.3256 5.346
1.3568 6.1325 1.3256 5.351
1.3556 6.1276 1.326 5.356
1.354 6.1229 1.326 5.361
1.3522 6.1182 1.3258 5.366
1.3501 6.1137 1.3253 5.371
1.3478 6.1092 1.3245 5.3759
1.3452 6.105 1.3234 5.3808
1.3424 6.1008 1.322 5.3856
1.3393 6.0969 1.3203 5.3903
1.336 6.0931 1.3184 5.3949
1.3325 6.0895 1.3162 5.3994
1.3288 6.0862 1.3138 5.4038
1.3253 6.0826 1.3113 5.4082
1.3221 6.0788 1.3089 5.4125
1.319 6.0749 1.3065 5.4169
1.3162 6.0708 1.304 5.4213
1.3136 6.0665 1.3016 5.4256
1.3112 6.062 1.2992 5.43
1.3092 6.0575 1.2967 5.4344
1.3074 6.0528 1.2943 5.4387
1.3058 6.0481 1.2918 5.4431
1.3046 6.0432 1.2894 5.4475
1.303 6.0385 1.2867 5.4517
1.3012 6.0338 1.2838 5.4557
1.2991 6.0293 1.2806 5.4596
1.2968 6.0249 1.2773 5.4633
1.2942 6.0206 1.2737 5.4668
1.2914 6.0165 1.2699 5.4701
1.2883 6.0125 1.2659 5.4731
1.285 6.0087 1.2618 5.4759
1.2816 6.0052 1.2575 5.4785
1.2779 6.0018 1.2531 5.4808
1.274 5.9986 1.2488 5.4834
1.2699 5.9957 1.2447 5.4862
1.2657 5.993 1.2407 5.4893
1.2613 5.9906 1.2369 5.4926
1.2568 5.9884 1.2334 5.4961
1.2522 5.9865 1.23 5.4997
1.2475 5.9849 1.2268 5.5036
1.2427 5.9835 1.2239 5.5077
1.2378 5.9824 1.2212 5.5119
1.2328 5.9816 1.2188 5.5163
1.228 5.9805 1.2161 5.5205
1.2232 5.9792 1.2132 5.5245
1.2184 5.9775 1.21 5.5284
1.2138 5.9756 1.2066 5.5321
1.2093 5.9735 1.2031 5.5356
1.2049 5.971 1.1993 5.5389
1.2007 5.9683 1.1953 5.5419
1.1967 5.9654 1.1912 5.5447
1.1928 5.9623 1.1869 5.5473
1.1891 5.9589 1.1825 5.5496
1.1852 5.9558 1.1782 5.5522
1.1811 5.9528 1.1741 5.555
1.1769 5.9502 1.1701 5.5581
1.1725 5.9477 1.1663 5.5614
1.168 5.9456 1.1628 5.5649
1.1634 5.9437 1.1594 5.5685
1.1587 5.942 1.1562 5.5724
1.1539 5.9406 1.1533 5.5765
1.149 5.9396 1.1506 5.5807
1.1441 5.9388 1.1482 5.5851
1.1392 5.9377 1.1455 5.5893
1.1344 5.9363 1.1426 5.5933
1.1297 5.9347 1.1394 5.5972
1.125 5.9328 1.136 5.6009
1.1205 5.9306 1.1324 5.6044
1.1162 5.9281 1.1287 5.6077
1.1119 5.9255 1.1247 5.6107
1.1079 5.9225 1.1206 5.6135
1.104 5.9194 1.1163 5.6161
1.1003 5.916 1.1119 5.6184
1.0968 5.9125 1.1073 5.6205
1.0935 5.9087 1.1027 5.6223
1.0905 5.9047 1.0979 5.6238
1.0876 5.9006 1.0931 5.6251
1.085 5.8963 1.0881 5.6261
1.0827 5.8919 1.0832 5.6267
1.0806 5.8874 1.0782 5.6271
1.0788 5.8827 1.0732 5.6273
1.0773 5.8779 1.0682 5.6271
1.076 5.8731 1.0632 5.6266
1.0745 5.8683 1.0582 5.6264
1.0727 5.8637 1.0532 5.6265
1.0706 5.8591 1.0483 5.6269
1.0683 5.8547 1.0433 5.6276
1.0657 5.8504 1.0384 5.6286
1.0629 5.8463 1.0336 5.6298
1.0598 5.8424 1.0288 5.6314
1.0565 5.8386 1.0241 5.6332
1.053 5.835 1.0196 5.6352
1.0493 5.8317 1.0152 5.6376
1.0458 5.8281 1.0106 5.6396
1.0425 5.8243 1.0059 5.6414
1.0395 5.8204 1.0012 5.643
1.0366 5.8162 0.99633 5.6442
1.0341 5.812 0.99143 5.6452
1.0317 5.8075 0.98648 5.6459
1.0296 5.803 0.98149 5.6463
1.0278 5.7983 0.97649 5.6464
1.0263 5.7936 0.9715 5.6462
1.025 5.7887 0.96652 5.6457
1.0241 5.7838 0.96152 5.6455
1.0234 5.7789 0.95652 5.6456
1.023 5.7739 0.95154 5.646
1.0228 5.7689 0.94659 5.6467
1.023 5.7639 0.94168 5.6477
1.0235 5.7589 0.93684 5.6489
1.0242 5.754 0.93208 5.6505
1.0252 5.7491 0.92741 5.6523
1.0265 5.7442 0.92286 5.6543
1.0281 5.7395 0.91843 5.6567
1.0294 5.7347 0.91401 5.659
1.0305 5.7298 0.90958 5.6613
1.0312 5.7248 0.90516 5.6636
1.0317 5.7199 0.90073 5.666
1.0318 5.7149 0.8963 5.6683
1.0317 5.7099 0.89188 5.6706
1.0313 5.7049 0.88745 5.6729
1.0306 5.6999 0.88302 5.6753
1.0296 5.695 0.8786 5.6776
1.0284 5.6902 0.87417 5.6799
1.0274 5.6853 0.86975 5.6823
1.0267 5.6803 0.86532 5.6846
1.0263 5.6754 0.86089 5.6869
1.0262 5.6704 0.85647 5.6892
1.0263 5.6654 0.85204 5.6916
1.0268 5.6604 0.84761 5.6939
1.0275 5.6554 0.84319 5.6962
1.0286 5.6505 0.83876 5.6985
1.0299 5.6457 0.83434 5.7009
1.0315 5.641 0.82991 5.7032
1.0333 5.6363 0.82562 5.7058
1.0354 5.6318 0.8215 5.7086
1.0378 5.6274 0.81754 5.7116
1.0404 5.6232 0.81376 5.7149
1.0433 5.6191 0.81018 5.7184
1.0464 5.6151 0.8068 5.7221
1.0497 5.6114 0.80365 5.726
1.0533 5.6079 0.80072 5.73
1.057 5.6045 0.79804 5.7342
1.0609 5.6014 0.7956 5.7386
1.0648 5.5983 0.79341 5.7431
1.0687 5.5952 0.79149 5.7477
1.0727 5.5921 0.78984 5.7524
1.0766 5.589 0.78847 5.7572
1.0805 5.5859 0.78737 5.7621
1.0844 5.5828 0.78656 5.7671
1.0883 5.5797 0.78603 5.772
1.0922 5.5766 0.78579 5.777
1.0962 5.5734 0.78584 5.782
1.1001 5.5703 0.78618 5.787
1.1038 5.567 0.78681 5.792
1.1073 5.5635 0.78772 5.7969
1.1107 5.5597 0.78891 5.8017
1.1138 5.5558 0.79038 5.8065
1.1166 5.5517 0.79212 5.8112
1.1193 5.5475 0.79414 5.8158
1.1216 5.5431 0.79641 5.8202
1.1238 5.5385 0.79893 5.8246
1.1256 5.5339 0.8017 5.8287
1.1272 5.5291 0.80471 5.8327
1.1291 5.5245 0.80772 5.8367
1.1312 5.52 0.81072 5.8407
1.1336 5.5156 0.81373 5.8447
1.1362 5.5113 0.81673 5.8487
1.1391 5.5072 0.81974 5.8527
1.1422 5.5033 0.82275 5.8567
1.1455 5.4996 0.82575 5.8607
1.149 5.496 0.82876 5.8647
1.1527 5.4927 0.83176 5.8687
1.1567 5.4896 0.83477 5.8727
1.1607 5.4867 0.838 5.8765
1.165 5.4841 0.84145 5.8801
1.1694 5.4817 0.8451 5.8835
1.1739 5.4796 0.84894 5.8867
1.1785 5.4777 0.85296 5.8897
1.1833 5.4761 0.85714 5.8924
1.1881 5.4748 0.86148 5.8949
1.193 5.4737 0.86595 5.8972
1.1979 5.473 0.87054 5.8991
